5.000000000000000000e-01 5.000000000000000000e-01 5.000000000000000000e-01 5.000000000000000000e-01 5.000000000000000000e-01 5.000000000000000000e-01 5.000000000000000000e-01 5.000000000000000000e-01 5.000000000000000000e-01 5.000000000000000000e-01 5.000000000000000000e-01 5.000000000000000000e-01 5.000000000000000000e-01 5.000000000000000000e-01 5.000000000000000000e-01 5.000000000000000000e-01 5.000000000000000000e-01 5.000000000000000000e-01 5.000000000000000000e-01 5.000000000000000000e-01 5.000000000000000000e-01 5.000000000000000000e-01 5.000000000000000000e-01 5.000000000000000000e-01 5.000000000000000000e-01 5.000000000000000000e-01 5.000000000000000000e-01 5.000000000000000000e-01 5.000000000000000000e-01 5.000000000000000000e-01 5.000000000000000000e-01 5.000000000000000000e-01 1.280000000000000000e+02 -2.200999999999999801e+01
5.000000000000000278e-02 7.903225806451613655e-02 1.080645161290322565e-01 1.370967741935483764e-01 1.661290322580645240e-01 1.951612903225806162e-01 2.241935483870967638e-01 2.532258064516129115e-01 2.822580645161290036e-01 3.112903225806451513e-01 3.403225806451612434e-01 3.693548387096773911e-01 3.983870967741935387e-01 4.274193548387096309e-01 4.564516129032257785e-01 4.854838709677418707e-01 5.145161290322580738e-01 5.435483870967742215e-01 5.725806451612903691e-01 6.016129032258064058e-01 6.306451612903225534e-01 6.596774193548387011e-01 6.887096774193548487e-01 7.177419354838709964e-01 7.467741935483871440e-01 7.758064516129031807e-01 8.048387096774193283e-01 8.338709677419354760e-01 8.629032258064516236e-01 8.919354838709677713e-01 9.209677419354838079e-01 9.499999999999999556e-01 1.280000000000000000e+02 -2.325999999999999801e+01
9.499999999999999556e-01 9.209677419354838079e-01 8.919354838709677713e-01 8.629032258064516236e-01 8.338709677419354760e-01 8.048387096774193283e-01 7.758064516129031807e-01 7.467741935483871440e-01 7.177419354838709964e-01 6.887096774193548487e-01 6.596774193548387011e-01 6.306451612903225534e-01 6.016129032258064058e-01 5.725806451612903691e-01 5.435483870967742215e-01 5.145161290322580738e-01 4.854838709677418707e-01 4.564516129032257785e-01 4.274193548387096309e-01 3.983870967741935387e-01 3.693548387096773911e-01 3.403225806451612434e-01 3.112903225806451513e-01 2.822580645161290036e-01 2.532258064516129115e-01 2.241935483870967638e-01 1.951612903225806162e-01 1.661290322580645240e-01 1.370967741935483764e-01 1.080645161290322565e-01 7.903225806451613655e-02 5.000000000000000278e-02 1.280000000000000000e+02 -2.204500000000000171e+01
5.000000000000000278e-02 1.099999999999999867e-01 1.699999999999999845e-01 2.299999999999999822e-01 2.899999999999999800e-01 3.499999999999999223e-01 4.099999999999999201e-01 4.699999999999999178e-01 5.299999999999999156e-01 5.899999999999999689e-01 6.499999999999999112e-01 7.099999999999999645e-01 7.699999999999999067e-01 8.299999999999999600e-01 8.899999999999999023e-01 9.499999999999999556e-01 9.499999999999999556e-01 8.900000000000000133e-01 8.299999999999999600e-01 7.700000000000000178e-01 7.099999999999999645e-01 6.500000000000000222e-01 5.900000000000000799e-01 5.300000000000000266e-01 4.700000000000000289e-01 4.100000000000000311e-01 3.500000000000000888e-01 2.900000000000000355e-01 2.300000000000000933e-01 1.700000000000000400e-01 1.100000000000000977e-01 5.000000000000000278e-02 1.280000000000000000e+02 -2.252499999999999858e+01
9.499999999999999556e-01 8.900000000000000133e-01 8.300000000000000711e-01 7.700000000000000178e-01 7.099999999999999645e-01 6.500000000000001332e-01 5.900000000000000799e-01 5.300000000000000266e-01 4.700000000000000844e-01 4.100000000000000311e-01 3.500000000000000888e-01 2.900000000000000355e-01 2.300000000000000933e-01 1.700000000000000400e-01 1.100000000000000977e-01 5.000000000000004441e-02 5.000000000000004441e-02 1.099999999999999867e-01 1.700000000000000400e-01 2.299999999999999822e-01 2.900000000000000355e-01 3.499999999999999778e-01 4.099999999999999201e-01 4.699999999999999734e-01 5.300000000000000266e-01 5.899999999999999689e-01 6.499999999999999112e-01 7.099999999999999645e-01 7.699999999999999067e-01 8.299999999999999600e-01 8.899999999999999023e-01 9.499999999999999556e-01 1.280000000000000000e+02 -2.037999999999999901e+01
1.499999999999999944e-01 8.499999999999999778e-01 1.499999999999999944e-01 8.499999999999999778e-01 1.499999999999999944e-01 8.499999999999999778e-01 1.499999999999999944e-01 8.499999999999999778e-01 1.499999999999999944e-01 8.499999999999999778e-01 1.499999999999999944e-01 8.499999999999999778e-01 1.499999999999999944e-01 8.499999999999999778e-01 1.499999999999999944e-01 8.499999999999999778e-01 1.499999999999999944e-01 8.499999999999999778e-01 1.499999999999999944e-01 8.499999999999999778e-01 1.499999999999999944e-01 8.499999999999999778e-01 1.499999999999999944e-01 8.499999999999999778e-01 1.499999999999999944e-01 8.499999999999999778e-01 1.499999999999999944e-01 8.499999999999999778e-01 1.499999999999999944e-01 8.499999999999999778e-01 1.499999999999999944e-01 8.499999999999999778e-01 1.280000000000000000e+02 -2.438000000000000256e+01
7.812500000000000000e-02 1.062500000000000111e-01 9.500000000000000666e-01 6.406250000000000833e-02 6.406250000000000833e-02 7.812500000000000000e-02 9.500000000000000666e-01 6.406250000000000833e-02 6.406250000000000833e-02 9.500000000000000666e-01 6.406250000000000833e-02 9.500000000000000666e-01 6.406250000000000833e-02 9.500000000000000666e-01 1.062500000000000111e-01 9.500000000000000666e-01 9.500000000000000666e-01 6.406250000000000833e-02 9.500000000000000666e-01 9.500000000000000666e-01 9.500000000000000666e-01 9.500000000000000666e-01 1.625000000000000056e-01 6.406250000000000833e-02 6.406250000000000833e-02 9.500000000000000666e-01 5.000000000000000000e-01 1.062500000000000111e-01 6.406250000000000833e-02 9.500000000000000666e-01 6.406250000000000833e-02 9.500000000000000666e-01 1.280000000000000000e+02 -2.482000000000000028e+01
5.499596620578787176e-01 6.483548188835264181e-01 4.031573756688733856e-01 1.958032880261222908e-01 2.704009991651217804e-01 5.574613117508135929e-01 2.675124162838839470e-01 9.076545228512565844e-01 9.750881068470830249e-01 5.885783967192788069e-01 8.955207968557677978e-01 2.299666373827536359e-01 1.705502977979132806e-01 4.687976438986074523e-01 6.241754460553111672e-01 6.665951276318247132e-01 2.051066005658749858e-01 5.973376488339716683e-01 9.677507933637109483e-01 7.800854691737262314e-01 6.406054641060090482e-01 2.641205845587580869e-01 5.860846633778217241e-01 2.466163523058121088e-01 5.789845308022084636e-01 3.502848306260404332e-01 5.768673578580290062e-01 8.462947572284763575e-01 6.796250054397709461e-02 6.417819552423570384e-02 8.017540475474302930e-01 9.201571036738644960e-01 1.280000000000000000e+02 -2.123499999999999943e+01
2.622698287316063692e-01 9.632098608288813812e-03 5.165716392603276752e-01 5.768566574680376036e-01 6.782206125259221396e-01 5.876394429973132993e-01 7.841409629724142016e-01 2.733712923657345972e-01 5.365866490939278366e-01 6.474857220674236080e-01 2.002105894633453009e-01 5.133235330574751482e-02 4.634996590896091062e-01 3.494233067375930313e-01 8.326469505674507499e-01 7.920917722293130403e-01 9.072141006962872734e-01 2.441623709352906679e-01 9.592898229432198498e-01 4.486929966054843399e-01 5.155760419871965317e-01 1.376924240280757994e-01 4.736147129171294767e-01 2.752941869705160822e-03 9.218405382814913729e-01 5.337959542312068484e-01 8.455907339814657808e-01 2.146798765276285714e-01 3.532994023657911598e-01 3.627727888303389214e-01 9.088807973080816893e-01 2.804788845225503202e-01 1.280000000000000000e+02 -2.071000000000000085e+01
4.568320962797169787e-02 3.051490326569460398e-01 5.339207433116736068e-01 4.231786628204712297e-01 3.714424855602773690e-01 9.655201246498605616e-02 4.539878766960424583e-01 2.543758490909631687e-01 6.154476124719353569e-01 1.424411261214202085e-01 6.197530597665543706e-01 7.428262150917537276e-01 4.766836470389648750e-01 6.195256419179864249e-01 4.627334587545043343e-01 5.718989194723496094e-01 3.964998813585250415e-01 5.528711660013653217e-01 5.634784228254976490e-01 4.273416344066880979e-01 7.323745718622118317e-02 4.824091070515960089e-01 4.993602555629323425e-01 2.859860885000230502e-01 4.088670828404711299e-01 9.259741498757690925e-01 7.381239520014564182e-01 6.623379503475317065e-02 7.603829072103838183e-01 2.873061297674525325e-02 2.757631347469570726e-01 1.188422140819004528e-04 1.280000000000000000e+02 -2.412000000000000099e+01
1.108854236274403327e-01 8.020463280741055856e-01 3.987387679831667919e-02 5.306552448452588333e-01 1.690724823389042342e-01 1.941550058918840027e-01 6.672020152448396857e-01 5.216592544487079763e-01 7.591107242447833192e-01 4.701420981503642293e-01 8.558172067278746464e-01 3.988685335673073165e-03 8.255225304816352638e-01 7.105970043087763699e-01 7.313327842842698434e-01 3.810121596785737697e-01 1.323896065783160547e-01 6.729775322224155198e-01 5.405281456289311171e-02 1.623242265092037506e-01 7.214112177737848075e-01 4.077397317211129413e-01 7.292913618565513012e-01 5.797639820810640554e-01 2.700521845119230879e-01 1.148560871945959599e-01 9.880947779061752811e-01 7.587113989583544882e-01 7.769569427951709961e-02 9.678333997555792212e-02 8.260722142603905693e-01 6.752998455245114995e-01 1.280000000000000000e+02 -2.274499999999999744e+01
8.151219187652072318e-01 5.274273354498268951e-01 8.840089696714226175e-02 8.657577437215348004e-01 8.170489235953045659e-01 1.728997785095600093e-01 8.597376763527200816e-02 2.227300921166591452e-01 8.770181975038766620e-01 5.465238987703550100e-01 5.750227085209668187e-01 9.094837738667342908e-01 1.317190519742365007e-01 5.852766026733757787e-01 2.273624426507550311e-01 8.574141533763554035e-01 3.579277984943725344e-02 1.121044504710683731e-01 1.415271499575850023e-01 1.892827670307735410e-01 5.473626484477503995e-01 5.062048559307512630e-01 4.101598708152049411e-01 7.753632141739409400e-01 6.988066588893979691e-01 9.457684285631901000e-01 1.290091396514009836e-01 7.810694209659609921e-01 3.940694282110827062e-01 7.597551167281091367e-01 5.816296164502789967e-01 3.923331183724804161e-01 1.280000000000000000e+02 -2.356500000000000128e+01
4.591050636143128583e-01 5.092325236331918248e-01 2.282640202322910594e-01 3.966194208457708981e-01 2.589161625682150358e-01 7.217058786508895318e-01 3.099935391692509312e-01 7.753290855763482758e-01 8.911990174349365690e-01 9.267562749265941813e-01 2.555462952511708408e-01 2.562844118703131446e-01 5.775162499642306768e-01 1.235339311124037526e-01 5.381723576332992920e-01 4.190223334924312315e-01 6.097029087312884066e-01 5.776646672445280295e-01 6.041922216319318695e-01 9.509836399139581786e-01 9.180689862103373899e-01 2.561528899969537365e-01 9.149555899959692373e-02 7.996492890330827441e-01 8.595276342541346981e-01 4.840785281536730822e-01 8.927046735326263915e-01 4.184644965511836179e-01 6.290910135439186091e-01 9.596623114712965474e-01 6.257867655703974741e-01 2.529713565020850208e-01 1.280000000000000000e+02 -2.192000000000000171e+01
5.274725378998119663e-01 7.616191857332329507e-01 2.028930162805723039e-02 2.986216385642636029e-01 7.802308647389010199e-01 2.613616069631805594e-01 3.851069579679903820e-01 5.290700983746573494e-01 1.994192987413544449e-01 7.632663812098308131e-01 8.117577287078682202e-01 8.245061376707836232e-01 6.165929718821653305e-01 3.908627545894065580e-01 1.659677523103299801e-01 3.038322632877170082e-01 9.485023691514835043e-02 2.027045215056932914e-01 8.158104423667598137e-01 5.788345350510143428e-01 9.007850183584172887e-01 3.862613233700117887e-01 8.695581238052343398e-01 5.040644540904849064e-02 4.449657619143447262e-01 1.501247579319612557e-01 3.479795007906889004e-01 7.461404974431096182e-01 8.220068722558889762e-01 2.312390010547759056e-01 7.283603697319512849e-01 4.429342594563137614e-01 1.280000000000000000e+02 -2.351500000000000057e+01
4.189622429399909587e-01 5.950156963764934304e-01 1.956232302657928135e-01 1.853508726728327061e-01 9.162194628558604226e-01 2.263358456959838894e-01 8.204072675851288299e-01 8.261320159691749598e-01 6.821706395524205213e-01 7.828700774298109899e-02 9.600408382523322182e-01 6.489578564513183434e-02 2.798285906948690394e-01 8.652596931720982765e-01 3.675755883992327666e-01 5.204239890893941345e-01 2.537738530991504038e-01 3.513587865211981742e-01 7.218897498517069522e-01 4.409262662328875676e-02 9.330890670613490867e-01 2.219636035033515642e-01 7.713446902778234859e-01 1.367199463379012159e-01 6.481300749357711277e-01 2.575097959158744176e-01 2.011896183999300480e-01 8.886939677521368264e-01 2.583794238057737780e-02 2.016263838163233624e-01 1.883998382452828080e-01 9.324144558164088048e-01 1.280000000000000000e+02 -2.376500000000000057e+01
2.033493168497021164e-01 1.367772968492924901e-01 9.902300033160561510e-01 6.738876016602842745e-01 7.087632017192855294e-01 8.820884372451068822e-01 6.242389430282072604e-01 6.635305267853646161e-01 7.380303866130255575e-01 9.009088951725299221e-01 4.187495933504810641e-01 6.806371369888423173e-01 2.560283819722687926e-01 8.841305054449712930e-01 1.230247788887201960e-01 8.379043239914788499e-01 8.296593187569387684e-01 1.240397769920554144e-01 2.914893502972550898e-01 8.297078784287866826e-01 4.708988843131450830e-01 7.996655863084349836e-01 1.176228535993644603e-01 3.091734393095438294e-01 8.019850339046413756e-01 5.649196821878920555e-02 5.339703560304148722e-01 8.105742130606993223e-01 6.601958738374823499e-01 1.871738025522666216e-01 9.592122367777622394e-01 3.641368397159855386e-01 1.280000000000000000e+02 -2.424000000000000199e+01
4.437627262071762724e-01 1.774492498955551334e-01 6.459583429651035713e-01 6.309325319217399253e-01 4.375849279407079684e-01 4.378458333550104831e-01 9.387857175666242115e-01 1.093355197674352186e-01 8.536561434506964030e-01 5.367740063725827682e-01 6.334623706049895553e-01 8.611030000512015503e-01 8.230705444912143065e-01 4.820058703547920598e-02 6.844843189058332777e-01 3.575942349237061068e-03 8.612525724174530106e-01 2.841471215750552282e-01 6.768812800021503095e-01 3.942892585971513042e-01 9.701184254551863395e-01 3.561080283285736336e-01 4.279282931725567063e-02 1.226759771329126725e-01 1.759817769119534081e-01 9.939394156483850606e-01 4.902954384922211251e-01 7.256460920961930183e-01 6.920537742827067573e-01 5.683037754334501201e-01 6.352892578596985862e-01 4.368146075533703709e-01 1.280000000000000000e+02 -2.417999999999999972e+01
2.647319200621682245e-01 6.185398228603294912e-01 2.764628181481790237e-01 9.547906123593250527e-01 4.927554507243903648e-01 7.819693264566618396e-01 5.491820819040201807e-01 7.481353560480412390e-02 9.328702333780570788e-01 5.002658019989347782e-01 3.398625334119712571e-01 4.289634510804754552e-01 5.884857703758888947e-01 6.455670880648022303e-01 6.063019733275017975e-01 9.753243251113445922e-01 2.945245106637151555e-01 5.257567791022991210e-01 9.034835383028569922e-01 9.720860438609830734e-01 1.241691750899000107e-01 5.866164268400831938e-01 2.914473677770725302e-01 4.385575351392258514e-01 1.739005472919854245e-01 8.331456457407028504e-02 2.731258144668745058e-01 9.970005501951479943e-01 8.795403549215820016e-01 4.206310447895825755e-01 1.299919703613315325e-01 5.843073471038912059e-01 1.280000000000000000e+02 -2.237999999999999901e+01
6.787634745238242395e-01 3.234259555056481772e-01 4.085139107148107879e-03 3.787128463808961138e-03 9.442298795054534510e-01 3.205609801659321523e-01 3.348712946042977645e-01 6.299352210309131506e-01 3.623596279068643788e-01 8.793182874708233010e-01 8.732252419850938807e-01 6.457914958855939247e-01 1.945123391905969057e-01 2.333790000019746735e-01 8.706667030031640664e-01 4.922472339020687038e-01 5.818183464855872788e-01 4.637706339447522086e-01 4.418323939684516977e-01 6.036538245257567770e-01 3.583152603648198653e-01 2.404226183586348764e-01 4.279567606169879523e-01 8.242597660536568061e-01 3.379184323630031184e-01 5.648309529363804149e-01 6.810044694839416657e-01 9.069772147783835559e-01 4.171804937470733332e-01 7.187724014706049491e-01 3.273568776219242804e-01 5.188046620285310384e-01 1.280000000000000000e+02 -2.357499999999999929e+01
1.264336078774823402e-01 4.771470828356803584e-01 8.846643645840808201e-01 6.610541140999019738e-02 3.904075622563727976e-01 1.627702681745387195e-02 6.006311782398275900e-01 5.033860875402702550e-01 2.800096184941274500e-04 7.143679900271692196e-01 9.992536689226688695e-02 5.811497851014915117e-01 9.076716538263897016e-01 6.509288796237969743e-01 1.048911241285429841e-01 7.372525635569072699e-01 3.010199153331373223e-01 8.054414850335102349e-02 7.398753363291792340e-01 9.315200952535667156e-01 2.129394084907438034e-01 7.334001316944228632e-01 4.906745770617608748e-01 2.026954607600787439e-01 1.407141795013921726e-01 9.566070180993804239e-01 6.593775516880578946e-01 9.863769892476476064e-02 3.226726339601919125e-01 8.618134244780509823e-01 6.694592960664800252e-01 8.243144920233949069e-01 1.280000000000000000e+02 -2.317999999999999972e+01
7.299929245612041262e-01 8.589274683513994368e-01 7.131475235226892861e-01 7.872909723193435294e-01 4.538258909775414462e-01 7.420616327307834048e-01 1.176283766714723983e-01 7.666608554665192976e-01 7.963804484690204522e-01 5.182793470380585577e-01 1.716294154997294319e-01 1.904264239544951054e-01 5.078441854007085254e-01 3.164448190039126363e-01 4.299321385810017104e-01 2.623271914598369545e-02 1.137290134549213821e-01 7.416955806179367228e-01 8.426680491703343323e-01 7.500141176909516094e-01 8.244373062666401353e-01 5.695934182792948830e-01 5.126691389332018942e-03 5.538315199865220251e-01 3.990320977278534742e-01 7.626843017135810365e-01 1.623852509330939720e-01 4.482081314345378042e-01 4.216199503857900877e-01 3.754611869163148596e-01 6.576131149185083791e-01 5.110274096484745954e-02 1.280000000000000000e+02 -2.078500000000000014e+01
7.974036861647653129e-01 2.088943351341312760e-01 3.672157936894929753e-01 3.836291951941803863e-02 1.991187096741315471e-02 2.719852843016020705e-01 9.252374668904957966e-01 8.203134321550162866e-01 3.999693773897597393e-02 7.366878468475536179e-01 9.363259498184026697e-01 3.254680946219351001e-01 2.820030025341288549e-01 9.165912160998095359e-01 5.547582588204521548e-01 4.118633484972956255e-02 5.767843192721168188e-01 8.058967910859330397e-01 3.933269471763822106e-02 4.103468205285062398e-01 6.783616687458818850e-01 9.527799059218785560e-01 3.880545001249601222e-01 4.175409305491766809e-01 3.597425712892839966e-01 5.595502463285514372e-01 9.597359354782267760e-01 1.706606034036823871e-01 4.640126910889033618e-01 6.522266451141995880e-01 5.427103819643114280e-01 1.874692952120950995e-01 1.280000000000000000e+02 -2.185000000000000142e+01
9.631600605217974786e-01 5.775245184194551795e-01 5.542202998801660785e-01 3.288752146376044405e-01 8.269858628019233215e-01 7.108104566023538684e-01 4.741490552555317761e-02 2.016064943269225695e-01 4.507296422056150109e-01 3.719172239656190482e-01 8.941098881043634261e-01 4.979397244398152678e-01 9.996268829186405469e-01 5.365357993096251388e-01 9.207189083974459676e-01 6.120338637524895820e-01 6.878154892080495797e-01 9.745881899606989585e-02 7.404384454238603641e-02 5.389426122281187892e-01 6.933714399753838631e-01 3.258562511715824839e-02 9.707809027690599279e-01 8.393959662740377858e-01 6.040572968590225411e-01 5.850281062468187798e-01 6.242023380668951793e-01 2.057310425514385574e-02 7.370018373790987454e-01 4.251940481798132110e-01 5.235106407158460762e-01 2.079328121444190547e-01 1.280000000000000000e+02 -2.252499999999999858e+01
3.087034056579238822e-02 2.872877560090278740e-02 8.653284191029075867e-01 5.101779257322749395e-01 9.714207587089285223e-01 7.544634620786730972e-01 1.618899683982257809e-01 9.782091504985472585e-02 5.083786472892806163e-01 8.614113313099289737e-01 2.679388875091015532e-01 2.072390011326689097e-01 9.265875924206051772e-01 7.823679907658038779e-01 3.982009472825043250e-01 1.673217999264210998e-01 9.867401361317509334e-01 6.952082185244291557e-01 1.880341626258696663e-01 5.942563621059696599e-01 5.696286996053845364e-01 6.617476681906518943e-01 5.240573447526793993e-01 3.039831808173886277e-02 6.283174260201278560e-01 8.651321221814183282e-01 8.163472485540137491e-01 7.153570007378906581e-01 9.303968070945785040e-01 7.310350721521610695e-02 4.641959863672019959e-01 7.757245831001920999e-01 1.280000000000000000e+02 -2.289000000000000057e+01
4.764503527984788600e-01 9.434625684076954899e-01 9.510567757770663766e-01 8.844578570197746403e-01 6.126021285304638075e-01 1.916381728693959952e-01 2.499167786318880480e-01 4.156577309560869904e-01 2.831685774052919435e-01 4.440165501352817401e-01 1.405470425991337934e-03 3.412915467332881536e-01 1.412184016351026583e-01 1.927290415515472977e-01 5.142436297848173021e-01 1.340750370422004178e-01 3.599476987385586968e-01 5.342156652031638808e-01 4.798248956649088237e-01 8.497281605670334304e-02 3.421430159577896202e-01 4.026114737921336617e-02 5.408771832531377166e-01 1.568282877060238889e-01 7.223675896523726880e-01 1.873145900980404677e-01 9.431522033800144866e-01 5.039273549098505223e-01 7.204968374209314019e-01 3.923281327188873346e-01 7.731374731434627057e-01 2.842585016229235984e-01 1.280000000000000000e+02 -2.131499999999999773e+01
1.426222035981760672e-01 9.107293232955424589e-01 8.575162235967076496e-02 1.420913427527480122e-01 4.084803527691068803e-01 2.146784028498989472e-02 5.872077383095184455e-01 2.407953273527357607e-01 3.957333458492031664e-01 7.375699114425514624e-01 4.588824055956782222e-01 9.761929492998767666e-01 1.840380727689879814e-01 5.919749100153690741e-02 7.869390922084354423e-02 8.706526442451748560e-01 8.496897922317011576e-01 9.371174017201279183e-01 5.012703536480948019e-01 6.648703629328114317e-01 4.445124258623669444e-01 8.272181602681668577e-01 2.425817592395371203e-01 6.731297749681988130e-01 4.577664489410222803e-02 2.369853330121043655e-01 2.519708584930979711e-01 6.452530787344635810e-01 6.432971911549746347e-01 8.849664156338398202e-01 3.553868716777011660e-01 5.740023974028722886e-01 1.280000000000000000e+02 -2.368999999999999773e+01
7.117445925068711654e-01 7.149799319906910977e-01 6.260389977439805298e-01 9.058725571253682940e-01 5.707586153596052592e-01 6.484032665740800949e-01 4.147940200372667863e-01 6.003708090118342611e-01 6.612586554982764486e-01 4.062959552844211952e-01 1.171564640087661147e-01 6.188608050814712325e-01 3.538111109283441635e-01 4.775801416112860354e-01 2.988370410780637476e-01 2.155483107435836043e-01 6.686816511856124023e-01 9.965090809786660841e-01 6.491606659503577070e-01 8.090583029287906625e-01 5.019131553246904132e-02 9.912688572000777354e-01 9.183224254166925116e-01 9.702240401605439768e-01 2.269755248598592789e-01 8.497518616628524368e-01 9.225486635475894648e-01 2.973816788069763573e-01 5.891145832907237478e-01 6.353312823807475418e-01 5.643203467248755212e-01 2.984884254241708668e-01 1.280000000000000000e+02 -2.328500000000000014e+01
9.770489158995802059e-01 8.940976327494291054e-01 8.302307100645134330e-01 6.033580370372655377e-01 1.552839872778448982e-01 5.323796114399413915e-01 2.885496731632908873e-01 1.676254457099307649e-01 1.523954496584773999e-01 6.732805487773806385e-01 8.361741393347881246e-01 8.595457367141427774e-02 8.628097404122830882e-01 8.655729450573447503e-02 5.436530958484501325e-02 5.392329768179170424e-01 9.693684029101568012e-01 6.555320560837513133e-01 6.480774469431971330e-01 2.816466113710127880e-02 3.750015739436312057e-01 6.871889250059226573e-01 7.859821388458447800e-01 5.103240164121516376e-01 2.392560901474725388e-01 7.235406693152115487e-01 3.324457829373105022e-02 1.060052670255479286e-02 1.079364957860068502e-01 1.311635402501095393e-01 1.620340839570994507e-01 4.908909884112294675e-01 1.280000000000000000e+02 -2.092000000000000171e+01
3.837932107409603999e-01 6.119278119345711309e-01 7.239702591572738655e-01 9.146525176009558944e-01 3.219124712878402295e-01 4.806717823642708137e-02 5.715194209005685089e-01 6.452221310819968858e-01 9.158383587021239336e-01 1.144077582024434769e-01 3.512818897725495382e-01 8.348588263943360621e-01 9.579236282644157940e-01 4.394150637589990804e-01 4.783566160685974178e-01 2.590493746612161918e-01 6.216841439222273724e-01 3.828297171423311052e-01 2.215915744585487401e-01 8.717210232599112985e-01 1.037794630038823690e-01 6.286117407733864404e-01 6.729947799184347046e-01 6.903107287334628861e-01 5.680794590065744165e-01 3.232757149664905461e-02 5.488430509012334202e-01 2.778401755211324931e-01 8.055966039001574153e-01 7.765122365678134297e-01 2.855164506907566513e-01 3.461441302545235077e-01 1.280000000000000000e+02 -2.213499999999999801e+01
5.142135713917879158e-01 9.770104640388650452e-01 1.670243871289153192e-01 5.952987943667192861e-01 7.964628142909122577e-01 1.531906825031855990e-01 7.460529775068489577e-01 9.481684913392105507e-01 1.870201404365442466e-01 2.991864031091354126e-01 9.123961670985805128e-01 3.797803998196378483e-01 2.995677632054147832e-01 5.700135025472022887e-01 5.724688850986507302e-03 1.452444319175493770e-01 7.882317441982142903e-01 1.794464054228040450e-01 9.241493495226799082e-01 9.994490463771545929e-01 4.148217225649831197e-01 6.484331536489440495e-01 9.390271921779380637e-01 8.530397482573065515e-01 9.657504682113330352e-01 6.543399555486469898e-01 2.131410762511257717e-01 9.476316292083297732e-01 8.453633327891511007e-01 9.124815977977784875e-01 2.095268241078662719e-01 9.136710016916439747e-02 1.280000000000000000e+02 -2.185000000000000142e+01
3.649443698758988996e-01 6.742043151886965013e-01 3.404224477438220209e-01 2.477492572910472424e-01 2.049104399421507461e-01 3.069885145215719424e-01 8.466076651821133892e-01 5.672200276021431842e-01 6.377452508144583476e-02 5.731763578380419943e-01 6.218743773052571450e-02 6.557175082269351973e-01 9.774302336709114192e-01 9.753513975154975979e-01 4.567288424712964007e-02 8.130992092749524114e-02 7.493089750192242215e-01 2.810087146382263257e-03 7.996612184136369095e-01 2.380631507163388783e-01 2.930978853182891752e-01 4.570834110861907162e-01 5.639897147865080562e-01 5.411751724952723608e-01 1.074801477029335289e-01 4.479574492341997088e-02 7.865998854174426347e-01 3.173674127395060829e-01 9.690907182598853531e-01 2.541980178032742788e-01 2.358378505953686588e-01 7.702038282574875661e-01 1.280000000000000000e+02 -2.257999999999999829e+01
8.571298068153134775e-01 8.180239372560502709e-01 3.026510040765870158e-01 2.847456015807514618e-01 7.632322080600985048e-01 1.106262682221928195e-01 4.284616429193034426e-01 9.289509409446305988e-01 8.288980075593638253e-01 3.207367226951490236e-01 7.655425375603560623e-01 7.151647518321699870e-01 1.792654339817563447e-02 7.307559132735514940e-01 9.006930459704124425e-01 5.918194297773385903e-01 4.448956950970360813e-01 8.768977138034098617e-01 6.302778774947175311e-01 6.345170804497333172e-01 9.482162281705919238e-01 9.588641541002333735e-02 3.822391529938151677e-01 2.199219436136300998e-01 5.417861041405879208e-01 7.189857065948934700e-01 1.420649524870394309e-01 2.055534216579595341e-01 8.651475387009047724e-01 8.279461073056290088e-01 4.094335501313317582e-01 4.679153694355684401e-01 1.280000000000000000e+02 -2.432499999999999929e+01
6.963538405222606809e-01 5.117881812978071487e-02 3.730969464825299453e-01 7.396338046720719595e-01 7.207610170492794177e-01 6.768541738812886566e-01 9.846819739197474330e-01 4.407886414489996518e-01 7.732333892713098011e-01 2.821697361030753859e-01 2.893132823570122580e-01 4.812862663995464141e-01 6.568783825658701669e-01 9.582797285768708262e-01 9.831301082128168778e-01 3.499689373222513722e-01 6.506026181803753472e-02 4.213292579820231420e-01 1.222474330011736887e-01 1.369255564988660356e-01 1.800653636061397556e-01 5.563225597982903725e-01 7.157271668639443307e-01 7.605623618508902672e-02 8.201745871123128362e-02 8.393210116277776134e-01 6.032027328536609251e-02 1.069005559088493096e-01 4.746914772657855330e-01 6.721319182769343037e-01 5.580442839746075911e-01 6.220823340639876076e-01 1.280000000000000000e+02 -2.271499999999999986e+01
3.255562885427667474e-01 4.154615020174291518e-01 5.957076520969161182e-01 4.674654221402828602e-01 5.238913940186945561e-01 6.662671997724483042e-01 1.408044393770706559e-01 8.421569842386836813e-01 4.711590027408616987e-01 1.666701158186531251e-01 7.065561927880514848e-01 7.313323801513430533e-01 9.403011103883729405e-01 7.411117999791735356e-01 8.441327705303247608e-01 2.697034556951178330e-01 4.092371080498345970e-01 3.262235778753037191e-02 7.100989585813719529e-01 1.518245908925990872e-01 4.303321258295966234e-01 7.853371275069168655e-01 2.680141958163050411e-02 2.766724818941277975e-01 9.602918822858904635e-01 4.086509894079771721e-01 1.911319731661690335e-01 2.578966430275638211e-01 8.359466213542094959e-01 8.570842347580684972e-01 2.251114282908140141e-01 1.143004675059749592e-01 1.280000000000000000e+02 -2.287000000000000099e+01
2.898169631252180412e-01 4.557299707576763503e-01 1.877094245903198622e-01 6.564236891717676325e-01 2.127824380849057673e-01 8.674712166928008061e-01 3.516020656518508702e-01 1.574576248882203489e-01 9.565478408325470694e-01 9.757131382873546199e-01 1.254485035278584126e-01 8.789468338299470940e-01 9.703641767638704341e-02 9.052744471140181659e-01 4.100811441571897698e-01 4.719766887188499016e-01 8.061740471702908417e-01 1.598780476097463321e-01 7.769206407844293505e-01 6.798688981950661292e-01 2.001083663616723685e-01 9.114287617059931845e-01 9.053559167874420943e-01 6.385383812205540632e-01 7.772790491510008781e-01 2.177024058544693164e-01 3.132157216926413912e-01 6.678927106531776792e-01 9.120932972046870424e-02 7.513477618625128418e-01 7.501939079077114547e-01 4.927720367351126063e-01 1.280000000000000000e+02 -2.366000000000000014e+01
2.433128654822614700e-01 1.613572959859432276e-01 7.385003418018025734e-01 3.757697318122791841e-01 2.813799751443606390e-01 4.186762791465121758e-01 2.443775298843667981e-02 3.122466845906058941e-01 5.157554920191022019e-01 2.658431714223401521e-01 9.995851130677085861e-01 4.418222714678428642e-01 4.466435517965173241e-01 6.760108410132015244e-01 1.570655775813974420e-01 1.872295043900369105e-01 5.302494792408581903e-01 7.699424837543551448e-01 9.993369430425915745e-01 3.668919420497809836e-01 2.372527699417436298e-01 5.329509538474809238e-01 6.480376006911093834e-01 9.867559081502325080e-01 8.287583468722762303e-01 3.310557269355941523e-01 3.882239914223497568e-01 5.523495750000572135e-01 7.189648413458219478e-01 8.174730243735159885e-01 9.366330592468573302e-02 5.346839207404562311e-01 1.280000000000000000e+02 -2.310000000000000142e+01
8.831449564362949811e-01 3.499899260358423914e-01 2.832159168948946704e-01 9.345159981836469454e-01 5.693625210524327906e-02 4.411694126899896595e-01 5.196027193407375400e-01 4.652622554495141061e-01 3.507599425483762801e-01 8.390450688605952667e-01 3.747653830389699459e-01 6.916943067838383641e-01 5.202471674109403477e-01 6.064952714159822511e-01 2.672132078377382203e-01 5.483970834290244900e-01 6.573851904572214355e-01 7.262660157683291651e-01 3.350703008479593015e-01 5.083311158775560834e-01 5.726820428074429203e-02 3.188781629054713851e-01 6.854903583359930330e-01 9.895586621195470722e-02 2.907602274202523152e-01 6.733157110590466399e-01 7.989008863621765988e-01 3.597138748507809625e-02 2.585914724858157654e-01 3.154587174877666045e-01 3.392333683790855203e-01 8.432089246874369115e-01 1.280000000000000000e+02 -2.295499999999999829e+01
8.793892795290891851e-02 6.660692807521562120e-01 1.401642583449635437e-01 2.390041117522518077e-01 6.572252248919113748e-01 1.338165372513434037e-01 2.274701337743870733e-01 4.794280197319517600e-01 9.800568229436204537e-02 1.286151810707845400e-01 5.183502124052510179e-02 5.675265506986935105e-01 7.422270561835965230e-01 1.982990352446671600e-02 2.827847125126898842e-01 2.074762961517231108e-01 2.749155668272916242e-01 3.879502587720543572e-01 1.295404812495946079e-01 8.577686050223096714e-01 7.994201299946059880e-01 6.719852342825071156e-01 1.672977511021868369e-01 9.331088666752345162e-01 2.550042852721407516e-01 4.964231455797962766e-01 1.094519677632152937e-01 3.440235219016247181e-01 5.218200890967273908e-01 4.501509775314359585e-01 7.116230049637336519e-01 9.824912874597524493e-01 1.280000000000000000e+02 -2.417999999999999972e+01
4.860923737723970087e-03 3.711873059278132381e-01 1.560699652274759874e-01 5.443488429947286322e-01 3.484424973443274176e-01 9.450115103360626767e-01 4.822517784556946685e-01 9.381946430434502382e-01 1.735364431222491122e-01 2.152442226594092622e-01 6.043929004755010936e-01 2.221356708224664356e-01 3.707371095280264650e-01 3.548509894680801358e-01 3.170932298222906009e-01 6.684412791084336225e-02 3.699531894627944850e-01 8.521155980605739089e-01 8.725883768529506535e-01 8.044082060734314421e-01 7.710864027989234870e-01 3.367316858016956016e-01 8.440200518569174193e-01 1.858182863473492596e-01 3.703920684406904473e-01 5.151608503314911713e-01 6.373848040491786326e-01 6.591411418060552085e-01 9.865030669237601080e-01 3.293455129886693755e-01 9.188532535015514480e-01 3.498149142599676215e-02 1.280000000000000000e+02 -2.106499999999999773e+01
1.866131312660327390e-01 1.022746525159715647e-01 8.963167492831899397e-01 4.936533570851387442e-01 9.908765875371191578e-01 4.992772895540517619e-01 8.246064861170663285e-01 8.946380128494464401e-01 6.941074119135320908e-01 6.509910461311870788e-01 2.122929041369267800e-01 1.355976561626370258e-01 2.330682584036159188e-01 2.869820777680843205e-01 3.404233566168281544e-01 6.413461399691304798e-01 3.112919061296924930e-02 4.084835295569987923e-01 6.923451720566475842e-01 1.721540252863323905e-02 6.023119857726739745e-01 6.109104015303429280e-01 6.248496422884830537e-01 5.059284602741381809e-01 9.120273983720098010e-02 2.934916834509036510e-01 4.160756245747820881e-01 2.428873237667177887e-01 9.564982005641764484e-01 5.052594219825211619e-01 5.885316614504444710e-02 9.743342477373380106e-01 1.280000000000000000e+02 -2.185500000000000043e+01
4.986548659511319537e-01 4.216461830256109100e-01 4.088538398802553653e-01 9.727167791802768804e-01 2.310870681925284442e-01 6.875863251920905084e-02 3.283128587575515622e-01 5.795016361814631090e-01 6.444243279576368222e-01 9.945472823030792053e-01 1.553824788319124461e-01 5.585556967426154040e-01 7.349066726253024040e-01 9.846706548755956856e-01 7.611064053323471912e-01 8.777732159247764177e-01 2.387483436651942348e-01 2.470978721097575326e-01 9.534555174963803975e-03 5.223528974384910040e-01 7.059062362661756573e-01 1.482773013697995246e-01 8.253265304252366263e-01 4.478521032970622096e-01 9.976949421034055909e-01 9.108601041812185439e-01 3.839383211839048626e-01 9.187791214124977346e-01 6.015854450088624628e-01 3.690972469991455479e-02 1.111148067478391205e-01 4.116329735590699146e-01 1.280000000000000000e+02 -2.328999999999999915e+01
9.328207206798069251e-01 3.983632143999884523e-01 7.598337586253975928e-01 4.548424504188546269e-01 1.328908035371182961e-01 3.895820694680035556e-01 8.064923593948807312e-01 6.879615323344836497e-01 2.325102614186061734e-01 8.431435720779033582e-01 7.209390272246655185e-01 1.039982488455781090e-01 4.374869510855326077e-02 8.561499874315098291e-01 6.342289059635138893e-01 3.513410659292451332e-01 5.029857863438711441e-01 7.834827704711265772e-01 5.834813881078568798e-01 6.425982367115046223e-02 2.799609224801076213e-01 6.794439825605698424e-02 1.481525593593761847e-01 7.658987738626810149e-01 1.008091318033584906e-02 7.739285674091903600e-01 3.323101729339706933e-01 5.753945391763897188e-01 1.798859481807259797e-01 4.605622186297387288e-01 2.515924069115623718e-01 5.496115840834083777e-01 1.280000000000000000e+02 -2.176999999999999957e+01
7.516064527458933275e-01 1.411763174098311924e-01 7.945187456630409262e-01 4.202880617089155835e-01 8.775013085342950880e-01 4.658361333209062316e-01 8.843473181128210792e-01 9.941961615479447678e-01 9.103904605921778748e-01 3.475800787208325193e-01 9.726069705110229613e-01 2.315847139941597244e-02 6.004707157735700296e-01 7.994970179794962384e-01 2.166072552878190241e-02 4.492691013475905160e-01 7.338598123592557920e-01 9.046654864132189777e-01 3.185786383847898917e-01 7.320358013281724752e-01 1.572761997792111455e-01 4.265513707995666204e-01 1.932466409448490297e-01 2.285552135135726637e-01 7.030969257609448464e-01 3.855947377961302380e-01 7.171942513673800201e-01 4.787629735213410620e-01 3.586893950787486962e-02 8.014427459639166251e-01 3.108366316556621101e-02 6.936910426007067976e-01 1.280000000000000000e+02 -2.307999999999999829e+01
8.961220308683212066e-01 2.302044814003543494e-01 7.808580961081638128e-01 3.452658675278143519e-01 5.340354991190082723e-01 8.159658425040658969e-01 1.976802800408440364e-01 4.531879003368753656e-02 2.163485724634383045e-01 1.627950606945870182e-02 4.372177807660037607e-01 3.917441423346899043e-01 7.003282401577265448e-01 3.813830214567753285e-01 6.681492841406392325e-01 9.218565758725216774e-02 3.200481827097864107e-01 8.922219307515777409e-01 4.624052310205601923e-01 2.712840521471709954e-01 9.982514824479792326e-01 3.031757514111845797e-01 2.473168577249583722e-01 9.613435743355365215e-01 6.124147282660637875e-02 1.587896386621512057e-01 4.531838119960899802e-01 3.922546243906592789e-01 2.817950378964546587e-01 1.154971058863612510e-01 8.421474737590822768e-01 5.397245467347077524e-02 1.280000000000000000e+02 -2.293500000000000227e+01
6.078625759861870648e-02 7.525096239911059914e-01 4.710874095423872587e-01 7.570220938308950265e-01 6.955947414423530040e-01 9.811214834302308674e-01 7.579505525594691928e-01 2.975873109820783013e-01 4.365819871494521776e-01 2.005462776167296901e-01 6.918115045636455962e-01 3.553189565219497803e-01 5.315024174860715211e-01 9.408839212156788756e-01 5.763535709672236163e-01 9.337941410122859720e-01 7.029854590836819295e-01 5.801488079550197741e-01 8.412076391938052566e-01 3.382745895594168606e-01 8.356603795532866474e-01 6.116062873872866665e-03 2.994966049694606780e-01 7.276712963176517057e-01 8.964834511484387480e-01 6.890929266856967716e-01 4.262445338495414737e-01 6.025229760086594499e-01 2.646316293661457597e-01 5.437583147952340656e-01 3.777026200441148118e-01 6.548104011532988045e-01 1.280000000000000000e+02 -2.367000000000000171e+01
6.635033417392857125e-01 9.638367405288954526e-01 4.418349306435170321e-01 2.647759689802522409e-01 5.929768067801586273e-01 6.875596648435533531e-01 1.780952614957660440e-01 8.689225833502585150e-01 3.234826217056174236e-01 6.302733303634114881e-01 3.989493537942201962e-01 2.984278239319030357e-01 6.472198513668105113e-02 1.201745486392082896e-01 1.197586846189480220e-01 7.882837231714321380e-01 1.453688492578810443e-01 6.916045618257669891e-02 5.344497158953691596e-01 7.618598749186834551e-01 1.116414913009862453e-01 9.686923642450271377e-01 2.242888866497967648e-01 7.486684013412454597e-01 8.651975984312857415e-01 3.930668508301938813e-01 4.719590170061112311e-02 3.840214684195071837e-01 5.440664453584046489e-01 1.552796391867468651e-01 8.912360898334583670e-01 2.176251622625682836e-01 1.280000000000000000e+02 -2.131000000000000227e+01
8.063208885134721948e-02 4.971502973814208026e-01 4.215728032098448042e-01 1.386310303890944395e-01 8.670503246085368154e-01 3.734754833795856377e-01 3.913515708748063759e-01 9.766797557663559060e-01 1.392570146995458502e-01 3.218142810038481655e-02 3.206465831697592472e-01 1.460800165668361683e-01 1.083837275990751081e-01 3.127886501755662296e-01 1.826720786003950270e-01 3.898226499710341075e-01 5.155384270936835822e-01 6.191985525843087812e-01 4.032196434214127545e-01 5.583387942119072411e-01 1.605010790662416420e-01 7.572346263130251831e-01 6.044295300682361177e-02 6.618745129942774641e-01 6.678479437755630022e-01 6.094510145435484867e-03 2.929482434297310811e-01 4.588923173672698197e-01 1.702602143496800557e-01 5.242273377946412571e-01 8.655717350928855414e-01 2.341245546421346913e-01 1.280000000000000000e+02 -2.279500000000000171e+01
4.251633582136700173e-01 5.471223195990178034e-01 5.964071435261403958e-02 9.978816681563322799e-01 8.431126422597166048e-01 6.071379659250832894e-01 8.599416196232185783e-01 7.120925902062232860e-01 7.153025866341174988e-01 3.683431541153699973e-01 5.091122149361664295e-01 5.386573217225846255e-01 6.316779904088828390e-01 1.749924282503850514e-01 8.013119992312076612e-01 3.215646470664447198e-01 5.518296281929691016e-01 4.990494778030216821e-02 2.758265959086782584e-02 3.792281827531998606e-01 3.325784435805860251e-01 8.154674788106470729e-01 8.065101439125029748e-01 6.294761495262527484e-01 3.267193848962834934e-01 2.065869916309487631e-01 9.680288692278150586e-01 4.341470587616515497e-01 5.616048316569866028e-01 9.847909782406653045e-01 4.848648908173932015e-01 7.897388730935053225e-01 1.280000000000000000e+02 -2.230000000000000071e+01
7.596499674414962655e-01 2.805344037415220537e-01 4.943260695950239536e-01 7.925761208773076660e-01 4.758776273572034032e-01 4.747770633085953706e-01 9.780268444679425244e-01 3.654520721828033447e-01 1.170197845392171726e-01 9.627520254048221870e-02 6.690660411572462163e-01 8.051548701475279568e-01 6.677278712863640164e-01 2.248732618211103929e-01 4.957690101910557368e-01 2.807433552267606380e-01 1.883716056206889309e-03 9.476435325708889579e-01 1.659196973842835543e-01 4.829540568517798338e-01 5.272631038496843336e-01 8.808085963830973864e-01 1.350746608836233820e-01 8.711068600380428295e-01 4.245314718979091295e-01 4.609874193646236740e-01 7.713037202028946160e-01 3.010919278652083309e-01 1.310738539059986829e-01 9.804324893087488224e-01 7.676297167267954746e-01 9.075683847663520432e-01 1.280000000000000000e+02 -2.313000000000000256e+01
9.183229704906008539e-01 7.727186595364037291e-01 8.179792738972126998e-01 8.545304724706368482e-01 5.597576013884146828e-01 9.529929176611913189e-01 6.058829377173595432e-02 8.042472632140685862e-01 8.690199334372787632e-02 8.208962205907373022e-01 7.408792754915602963e-01 2.857439904754530691e-01 7.959128474803813802e-01 9.994241121590451138e-02 8.157691148620368482e-01 8.141990358839279462e-01 4.628403437263973741e-01 1.508187988013335867e-01 5.251558543647680821e-01 4.640064976496234839e-01 6.270062786546801714e-01 3.688930115020512268e-01 7.374581210174155355e-02 9.278451294506890878e-01 1.944842395788733969e-01 4.349665325065959487e-01 7.706733343757454779e-02 5.147408614841522123e-01 5.026469662378942882e-01 9.104947093952305837e-01 9.750530572823769004e-01 3.309530925948303004e-01 1.280000000000000000e+02 -2.178000000000000114e+01
3.144650162694963558e-01 8.418219335075720344e-02 2.606406219227276888e-01 3.645659846487200317e-01 3.536439956789932948e-01 8.391076892428716016e-01 5.045387879412417398e-01 4.213407522346939160e-01 4.761885573276997130e-01 6.105781610769737133e-01 1.867817405336510417e-01 6.060727190711906465e-01 4.110832304929319947e-01 5.470270954327235424e-01 7.834061091657259501e-01 7.610525542944810429e-01 1.605604854386858682e-01 9.233884731440219484e-01 8.870091613516152274e-01 3.121338142729187526e-01 8.748306940127319464e-01 8.730214087950955992e-01 9.533644235137108680e-01 9.078749030852608648e-01 5.146085893920703258e-01 3.647263495397309319e-01 8.280757748194433887e-01 7.599075277471283030e-02 4.408032669660422176e-01 5.840238134650489465e-01 3.869691349031748606e-01 1.435303427110387053e-01 1.280000000000000000e+02 -2.251500000000000057e+01
5.909836149829276186e-01 3.618177060220495456e-01 3.198291847607871441e-01 4.822509905285146670e-01 4.566450321675464830e-01 9.226418013348922642e-01 9.073418300015427818e-01 3.379557872451071643e-01 5.992389778499368491e-01 7.876310029565646298e-01 5.056080335367977296e-01 8.560607020833607139e-01 8.261758047964515295e-02 7.596990452504585045e-01 7.073082336913797397e-01 9.608630575330222579e-01 8.118481415966382064e-01 4.738626388231341746e-01 9.433514719803121062e-01 1.951469102429681246e-01 7.863996500856570426e-01 1.075427592607564597e-01 8.797377044749834507e-01 4.756383108817752725e-01 4.670876193959904166e-01 9.812130155055717173e-01 8.301832066625299336e-03 9.318560245868279246e-01 3.092898456762034898e-01 3.497724979566645964e-01 4.965455208103157492e-02 3.707413933805610018e-01 1.280000000000000000e+02 -2.207000000000000028e+01
3.910851199314018811e-01 9.936428898178026881e-01 1.170370898056991293e-01 7.001969954744824420e-01 8.156463078232940866e-02 8.321974005742702185e-02 6.910646259381834078e-01 6.820413259166936415e-01 3.776346852080128547e-01 6.949286831253879138e-01 2.621905186458337034e-02 2.799992064491237387e-01 7.599103663265459607e-01 1.992782779973097662e-01 2.602410516684935948e-01 7.309905422133948782e-01 8.812687072917722020e-01 2.704704984548635394e-01 2.461483652851317039e-01 6.251683495580889760e-01 5.904155054203580333e-01 9.187695911121003256e-01 6.518794441371543735e-01 4.663946374583100574e-01 7.476502542740357526e-01 6.400229721075951783e-01 2.294180973279871527e-01 5.957977024610289218e-01 8.988549137392313204e-01 1.126800205594691816e-02 8.645789529844306875e-02 1.738497013200680508e-01 1.280000000000000000e+02 -2.121499999999999986e+01
6.444606114147723996e-01 8.252276231479276358e-01 9.317562006927690987e-01 8.165031048724490370e-01 1.922405642856993557e-01 5.660866119709030420e-01 4.662733299308450263e-01 5.948801731302798962e-02 3.015187036541535082e-01 4.019314253876717369e-01 2.441967302956957742e-01 4.677431112921191514e-01 7.749897018790491421e-01 4.946037295215932605e-01 9.655389738014822365e-01 9.084229969086196066e-01 6.329948479684626150e-01 8.118869735238135599e-01 3.767587741130327128e-01 6.851253297567183598e-01 4.961704109771364890e-01 2.004570868721098353e-01 3.543056523783481571e-01 3.639298092036022947e-01 9.349536396061511878e-01 8.780692237159583302e-02 6.041980558260755529e-01 5.386563677680620277e-01 2.342800518404263566e-01 7.216307051158203922e-01 9.845926005047220819e-01 9.491724382393209591e-01 1.280000000000000000e+02 -2.164499999999999957e+01
7.814303187906860293e-01 9.123134707315884162e-01 4.801399798270795105e-01 8.304488520320372213e-01 4.899496899165673575e-02 6.299674330952210743e-01 9.557396939177412731e-01 5.584329297899416344e-01 4.076835843296526818e-01 1.905312909503282803e-01 8.203703588430702465e-02 1.186903781047832923e-01 4.264259073883564510e-01 4.102232172175616642e-01 9.566805446445343364e-01 6.792367572873215797e-01 3.455481885242452922e-01 6.352719073327501853e-01 3.052724073635417756e-01 9.245928775784175713e-01 6.605636747324783453e-01 8.563395670543201277e-01 8.194162339392280225e-01 3.984461284721172447e-01 6.574753186914359393e-01 2.666015276687643265e-01 5.095811861990767744e-01 7.935020784388442383e-01 3.780604902388839950e-01 2.255750236547296728e-01 4.947395223794814889e-01 6.134378294744075033e-01 1.280000000000000000e+02 -2.176999999999999957e+01
9.996316778723961516e-01 2.220135170441421002e-01 9.185855743450327404e-01 1.118182405015782643e-01 9.545066100126888831e-01 9.957684054169134713e-01 5.310761929535841031e-01 3.298176369188105528e-01 5.871864727009384888e-01 4.237255803849134250e-01 3.102502060238651049e-01 1.683455569586083944e-01 3.434974320608892295e-01 2.478635234272044408e-01 2.430949037909375665e-01 1.208063185036090115e-01 9.591833817723676159e-01 7.081436645382716000e-01 7.555951328071331963e-01 2.925766907196110100e-01 2.662966279305159500e-02 5.183666535503653749e-01 6.051885282734184024e-01 5.751313088049839761e-01 3.133657085460457292e-01 7.483908196233328702e-01 5.061372031373921887e-01 8.707504805980058604e-01 5.357084230539607139e-01 6.262581103503344071e-01 6.136566513682538693e-01 1.375186306607627806e-01 1.280000000000000000e+02 -2.362500000000000000e+01
1.684790698198213033e-01 2.951779322290873364e-01 6.779006441363465418e-01 6.468619392854433325e-01 1.123383422165388501e-01 9.011937468961636055e-01 8.792768767035419319e-02 7.295725585579553307e-01 5.489717635077120406e-01 2.453347491654359058e-01 7.759381131292240052e-01 5.215485406010523795e-01 5.462522713686184250e-01 8.412782623647587776e-01 9.467259739470926805e-01 4.299973102264427194e-01 9.462176861065321187e-01 2.120211188045501016e-01 4.252368869106189497e-01 1.217702458450081737e-01 2.529338371240369421e-01 1.595293297014397371e-01 4.392972723302308036e-01 8.777452382728317959e-01 7.620974514171690029e-01 1.388011068668683345e-01 8.701743066367004786e-01 7.016402742541506532e-01 1.503343149595549877e-01 2.661762476849339754e-01 4.418004804802738161e-01 7.365949306845879230e-01 1.280000000000000000e+02 -2.229500000000000171e+01
5.677625972885947947e-01 7.353832164176413722e-01 5.988990433904094468e-01 1.582714267986808920e-01 3.131376524664316596e-01 2.833475363001349279e-01 4.344354559348295036e-03 7.526456138222545889e-01 2.694304925173847676e-01 4.886613911692826440e-01 4.867787862713617297e-01 9.836237515479444582e-01 7.037005799512002779e-01 5.109940149228301420e-01 3.717872853682275269e-01 4.830318996813230403e-01 7.571313604739302594e-01 5.010540522055532131e-01 5.486996051983915601e-01 2.464980063547696221e-01 8.524613144381729679e-01 4.443153125267043091e-01 5.469906070611763038e-01 6.081644329543355321e-01 5.474790876861740374e-01 6.178423097483787263e-01 9.178262355488657487e-02 1.870405172709423969e-01 9.237465332262767559e-01 6.886848190786296620e-01 6.887630203109217364e-01 7.499638171900662176e-01 1.280000000000000000e+02 -2.146000000000000085e+01
8.319846719651768918e-01 4.680017184523905249e-01 8.492600890457553398e-01 7.582752932829818493e-02 6.390215621299832893e-01 5.222803194440188701e-01 7.155147075476459007e-01 3.977983832151080756e-01 2.582193795244991930e-01 4.523485314831587195e-02 7.961593478615153208e-01 7.567786017015241118e-01 7.413629876896662627e-03 1.624100701629655266e-02 1.954613042902570430e-01 6.956294588012926772e-01 4.745237933628618232e-01 3.224526822343527499e-01 2.447908235422775469e-01 2.267236740502622805e-01 3.048201221931697291e-01 2.948409861449903802e-01 2.659376673546333114e-01 3.408644362775855585e-01 4.870538756795760871e-01 8.150774489132014411e-01 4.667860431355833062e-01 1.522930164647868234e-01 1.941850757592041843e-01 9.436389109777787443e-01 8.187311601441391584e-01 7.160963453148753155e-01 1.280000000000000000e+02 -2.314999999999999858e+01
3.339058420951572792e-01 8.692259903238231944e-01 5.705836757233948564e-01 7.246628179634858613e-01 8.850234258027610268e-02 3.420283160110568765e-01 6.376748342800485636e-01 1.230566942280022086e-01 7.238437915783949572e-01 9.479539328893965555e-01 5.584629054454868236e-01 4.128764899976202218e-01 4.032367873035138106e-01 2.667361669364349819e-01 4.472668949536806049e-01 6.314668871152125940e-01 9.130760233883454813e-01 4.482933524929355595e-01 9.406386862146833006e-02 8.950623908620548574e-01 7.676610516236494035e-03 7.036990984962069318e-01 9.837594848641051382e-01 3.258803431726211008e-01 8.851731420109862913e-01 8.014142537266276678e-01 7.341081617688298699e-01 3.547227537607257619e-01 2.122256970984313373e-01 4.765223673692907114e-01 1.410288506285675425e-01 8.837516503470774776e-01 1.280000000000000000e+02 -2.248000000000000043e+01
2.165645970845366530e-01 1.088432088665702568e-01 9.730902280033423279e-01 7.189641187041968529e-01 7.383324488723175261e-01 7.962324768027670974e-01 7.275396016446851188e-01 2.379008430727371989e-02 3.350015970045858854e-02 2.576705220224622117e-01 6.636209861914666996e-01 9.218150156505464654e-01 3.203499431005289999e-01 8.239086863117415227e-01 6.554180975243213414e-01 9.283011088691842660e-01 4.219520716445648856e-01 8.366042626727696607e-01 4.110168305246485465e-01 7.163766456329998533e-01 7.499291275313110239e-01 1.841045228316454674e-01 7.423771037628501546e-01 7.184178341687290636e-01 2.359664674881425950e-02 3.150101748001680191e-01 6.850166296952100442e-01 6.244197799178947683e-01 6.821285808355085356e-01 2.914479426887882085e-01 2.989876424504064323e-01 8.670289350650293159e-01 1.280000000000000000e+02 -2.460000000000000142e+01
6.204141686062184524e-01 6.382007416148541279e-02 6.656218353560152678e-01 1.012313196670965032e-01 9.076207591804618113e-01 8.583192223328499626e-01 6.562838398476265045e-01 1.039411286360363007e-02 9.923090234915661334e-01 7.985354186625954753e-01 5.935884247216365317e-01 9.505632413136571035e-01 2.136895296517271337e-01 6.967535570460402505e-01 7.477150337517078915e-01 2.380646887986067328e-01 7.556996667308109317e-02 3.001273924942105542e-01 3.602871209756898785e-01 3.241664926444013384e-01 8.839390180022119736e-01 7.485573275007744165e-01 1.903287548699323928e-01 3.697516212360945631e-01 4.955085685233222015e-01 6.084128238861535865e-01 5.796486891942328468e-01 9.655048353977258024e-01 3.353713419639069437e-01 1.605819759231549848e-01 4.267145113199674600e-01 8.035924569687452612e-02 1.280000000000000000e+02 -2.321999999999999886e+01
6.067486068336142013e-01 2.459695192785833207e-01 2.194953138025858008e-01 2.193224310759793183e-01 6.267228311571892974e-01 3.664350489272648614e-01 1.243296167884743592e-01 1.841607870836682592e-01 5.670351017581913844e-01 6.997020623250817251e-02 5.325502819344305472e-01 9.346499288600171873e-01 8.924976703824477609e-01 1.498854182650385669e-01 8.865087731831892137e-01 7.162537262295282092e-01 1.809849448511639536e-01 3.386554886304384282e-01 2.668171266588583168e-01 1.014882553734476889e-01 4.750350943283873084e-01 7.662701745010071230e-02 3.354661874227030660e-01 6.813156221691502035e-02 8.214017998136846632e-01 4.461921868943182212e-01 3.679200588725864418e-01 1.268144328675609167e-01 1.389956381022823366e-02 5.464449017069644698e-01 1.159826890235171604e-02 8.280022088475852415e-01 1.280000000000000000e+02 -2.281500000000000128e+01
8.733372113310479135e-01 6.894517518780330922e-01 7.009510801783871425e-01 2.928254520332750077e-02 1.055055853697513604e-02 2.305507922165258572e-01 2.347281885602474916e-01 3.852966972627305808e-01 8.155134741790490693e-01 9.397304752053300403e-01 4.540778130675264812e-01 7.845857663895493550e-01 8.534001779329453141e-01 4.322452694603474144e-01 5.929568075991108467e-01 9.878176581424703562e-01 2.270113433828012672e-01 9.801433529925206445e-01 1.944118599132164948e-01 8.893403123037485480e-01 3.914056699775736448e-01 9.328573728437115076e-01 3.208910006161367900e-01 1.709198507599249128e-01 1.293069551040319509e-01 8.847071714111387486e-01 8.957988122493047989e-01 8.416398426082259965e-01 7.821466399792628144e-01 5.975085514851269375e-01 9.392741751810492756e-01 6.317884302205222236e-01 1.280000000000000000e+02 -2.297500000000000142e+01
0.000000000000000000e+00 0.000000000000000000e+00 0.000000000000000000e+00 0.000000000000000000e+00 2.702863338771134331e-06 0.000000000000000000e+00 1.000000000000000000e+00 4.230400222341888267e-06 0.000000000000000000e+00 8.346288996825075301e-01 0.000000000000000000e+00 1.000000000000000000e+00 0.000000000000000000e+00 1.000000000000000000e+00 0.000000000000000000e+00 1.000000000000000000e+00 1.000000000000000000e+00 1.000000000000000000e+00 0.000000000000000000e+00 4.909124106347816929e-01 1.000000000000000000e+00 9.456323691280724697e-01 0.000000000000000000e+00 0.000000000000000000e+00 0.000000000000000000e+00 0.000000000000000000e+00 4.321946452779124211e-03 0.000000000000000000e+00 0.000000000000000000e+00 2.794157919991172578e-01 0.000000000000000000e+00 1.000000000000000000e+00 1.280000000000000000e+02 -2.485500000000000043e+01
0.000000000000000000e+00 0.000000000000000000e+00 0.000000000000000000e+00 0.000000000000000000e+00 0.000000000000000000e+00 0.000000000000000000e+00 1.000000000000000000e+00 0.000000000000000000e+00 0.000000000000000000e+00 1.000000000000000000e+00 0.000000000000000000e+00 1.000000000000000000e+00 0.000000000000000000e+00 1.000000000000000000e+00 0.000000000000000000e+00 1.000000000000000000e+00 1.000000000000000000e+00 1.000000000000000000e+00 0.000000000000000000e+00 1.000000000000000000e+00 1.000000000000000000e+00 1.000000000000000000e+00 0.000000000000000000e+00 0.000000000000000000e+00 0.000000000000000000e+00 0.000000000000000000e+00 0.000000000000000000e+00 0.000000000000000000e+00 0.000000000000000000e+00 0.000000000000000000e+00 0.000000000000000000e+00 1.000000000000000000e+00 1.280000000000000000e+02 -2.528000000000000114e+01
0.000000000000000000e+00 0.000000000000000000e+00 1.147871114850160246e-02 3.381038851874850759e-01 0.000000000000000000e+00 0.000000000000000000e+00 1.000000000000000000e+00 0.000000000000000000e+00 0.000000000000000000e+00 9.999925619993310644e-01 0.000000000000000000e+00 9.773500088950909381e-01 0.000000000000000000e+00 3.163097787673987416e-01 2.166625590138589619e-03 1.936971677822403315e-01 0.000000000000000000e+00 1.000000000000000000e+00 0.000000000000000000e+00 5.519670873688395929e-01 7.751337209610438539e-02 4.328734628719332553e-03 0.000000000000000000e+00 1.536982255322094952e-03 2.245812657397146805e-01 1.477396020910709540e-01 1.101904065468010325e-05 6.648160845561898458e-02 1.809827248781255560e-01 0.000000000000000000e+00 3.545805868541985692e-03 9.986773727526733202e-01 1.280000000000000000e+02 -2.446999999999999886e+01
0.000000000000000000e+00 0.000000000000000000e+00 0.000000000000000000e+00 0.000000000000000000e+00 0.000000000000000000e+00 0.000000000000000000e+00 7.137758300937379063e-01 0.000000000000000000e+00 0.000000000000000000e+00 1.000000000000000000e+00 3.730116772306857256e-03 9.998308742031778440e-01 0.000000000000000000e+00 9.208229407890724527e-01 0.000000000000000000e+00 8.802666318166452175e-01 2.825279707926484640e-01 4.497328624542225595e-01 0.000000000000000000e+00 1.000000000000000000e+00 1.000000000000000000e+00 1.000000000000000000e+00 0.000000000000000000e+00 0.000000000000000000e+00 0.000000000000000000e+00 0.000000000000000000e+00 0.000000000000000000e+00 2.748323628703383108e-05 0.000000000000000000e+00 0.000000000000000000e+00 0.000000000000000000e+00 1.024243792036157175e-01 1.280000000000000000e+02 -2.498000000000000043e+01
0.000000000000000000e+00 5.681489218740271843e-04 0.000000000000000000e+00 0.000000000000000000e+00 0.000000000000000000e+00 6.656261692919433759e-02 6.502132466337694483e-01 0.000000000000000000e+00 0.000000000000000000e+00 6.707089353842983215e-01 4.300378252336154450e-01 5.941087168977976507e-01 0.000000000000000000e+00 1.107253688664155133e-01 0.000000000000000000e+00 1.000000000000000000e+00 8.711169767615714044e-01 0.000000000000000000e+00 0.000000000000000000e+00 0.000000000000000000e+00 0.000000000000000000e+00 9.425947199209607774e-01 0.000000000000000000e+00 0.000000000000000000e+00 0.000000000000000000e+00 0.000000000000000000e+00 0.000000000000000000e+00 0.000000000000000000e+00 0.000000000000000000e+00 0.000000000000000000e+00 0.000000000000000000e+00 0.000000000000000000e+00 1.280000000000000000e+02 -2.257999999999999829e+01
0.000000000000000000e+00 0.000000000000000000e+00 0.000000000000000000e+00 0.000000000000000000e+00 0.000000000000000000e+00 0.000000000000000000e+00 7.008337152389891855e-01 0.000000000000000000e+00 0.000000000000000000e+00 7.590377009461655167e-01 0.000000000000000000e+00 2.412315753896633330e-01 0.000000000000000000e+00 1.000000000000000000e+00 0.000000000000000000e+00 6.351798336335101602e-01 1.000000000000000000e+00 1.000000000000000000e+00 0.000000000000000000e+00 1.000000000000000000e+00 0.000000000000000000e+00 9.749796981728128253e-01 0.000000000000000000e+00 0.000000000000000000e+00 0.000000000000000000e+00 0.000000000000000000e+00 0.000000000000000000e+00 0.000000000000000000e+00 0.000000000000000000e+00 0.000000000000000000e+00 0.000000000000000000e+00 0.000000000000000000e+00 1.280000000000000000e+02 -2.407999999999999829e+01
0.000000000000000000e+00 0.000000000000000000e+00 0.000000000000000000e+00 8.325838723435223521e-02 1.904335265639496844e-01 4.513555134780715059e-03 0.000000000000000000e+00 0.000000000000000000e+00 0.000000000000000000e+00 4.546894838759495128e-03 0.000000000000000000e+00 1.256329148835807485e-01 0.000000000000000000e+00 2.107983059156695316e-01 3.084154335684977655e-01 0.000000000000000000e+00 6.298500023985300622e-01 2.248323153977452304e-01 0.000000000000000000e+00 4.448824674880372254e-01 8.225610318148396383e-01 9.606655117202297367e-01 8.638806385716535710e-03 1.880149902309882423e-02 0.000000000000000000e+00 0.000000000000000000e+00 0.000000000000000000e+00 0.000000000000000000e+00 0.000000000000000000e+00 0.000000000000000000e+00 0.000000000000000000e+00 1.000000000000000000e+00 1.280000000000000000e+02 -2.323499999999999943e+01
0.000000000000000000e+00 0.000000000000000000e+00 0.000000000000000000e+00 0.000000000000000000e+00 0.000000000000000000e+00 0.000000000000000000e+00 6.349457389045914946e-01 0.000000000000000000e+00 0.000000000000000000e+00 9.041689548458211600e-01 0.000000000000000000e+00 8.564801971365506583e-01 0.000000000000000000e+00 2.724307455242900855e-01 3.633873733022897207e-02 1.000000000000000000e+00 1.000000000000000000e+00 1.000000000000000000e+00 0.000000000000000000e+00 9.133692067633680800e-01 1.000000000000000000e+00 3.500893322131721358e-02 0.000000000000000000e+00 0.000000000000000000e+00 0.000000000000000000e+00 0.000000000000000000e+00 0.000000000000000000e+00 0.000000000000000000e+00 0.000000000000000000e+00 0.000000000000000000e+00 2.245086036268447750e-03 8.970115510781175860e-01 1.280000000000000000e+02 -2.320499999999999829e+01
0.000000000000000000e+00 0.000000000000000000e+00 0.000000000000000000e+00 0.000000000000000000e+00 0.000000000000000000e+00 0.000000000000000000e+00 2.012367056887993597e-02 1.080430520451261533e-01 9.831798099630958410e-01 0.000000000000000000e+00 0.000000000000000000e+00 2.872649995358227959e-01 0.000000000000000000e+00 9.975411573387205078e-01 0.000000000000000000e+00 0.000000000000000000e+00 0.000000000000000000e+00 0.000000000000000000e+00 0.000000000000000000e+00 1.939067535694000421e-01 1.106038169907759688e-01 3.047354889701739955e-01 0.000000000000000000e+00 0.000000000000000000e+00 6.411784330736982538e-08 3.612283365258437962e-01 0.000000000000000000e+00 0.000000000000000000e+00 0.000000000000000000e+00 0.000000000000000000e+00 1.684341546544440849e-01 1.000000000000000000e+00 1.280000000000000000e+02 -2.561999999999999744e+01
0.000000000000000000e+00 8.701570128236391088e-02 8.832337255005377752e-02 4.262308597988726487e-03 7.038102067306242250e-03 0.000000000000000000e+00 5.060763402705886066e-02 3.488511092436252792e-02 1.000000000000000000e+00 0.000000000000000000e+00 0.000000000000000000e+00 1.000000000000000000e+00 0.000000000000000000e+00 9.321507674091232820e-01 0.000000000000000000e+00 0.000000000000000000e+00 0.000000000000000000e+00 3.998392236849351682e-03 0.000000000000000000e+00 0.000000000000000000e+00 2.632246433207815692e-02 0.000000000000000000e+00 0.000000000000000000e+00 0.000000000000000000e+00 0.000000000000000000e+00 2.802618408145525764e-01 0.000000000000000000e+00 3.918139449007399140e-03 0.000000000000000000e+00 0.000000000000000000e+00 1.314997834374062417e-02 1.000000000000000000e+00 1.280000000000000000e+02 -2.572999999999999687e+01
0.000000000000000000e+00 0.000000000000000000e+00 3.003124311707854321e-01 0.000000000000000000e+00 0.000000000000000000e+00 3.131542793966329841e-01 3.636857545617255827e-01 0.000000000000000000e+00 1.000000000000000000e+00 0.000000000000000000e+00 0.000000000000000000e+00 1.000000000000000000e+00 0.000000000000000000e+00 1.446302671883410995e-01 0.000000000000000000e+00 0.000000000000000000e+00 0.000000000000000000e+00 1.467354141868094026e-05 0.000000000000000000e+00 0.000000000000000000e+00 3.721957762128030311e-01 0.000000000000000000e+00 0.000000000000000000e+00 9.084818855596196174e-01 0.000000000000000000e+00 1.370487481565501632e-02 0.000000000000000000e+00 0.000000000000000000e+00 0.000000000000000000e+00 0.000000000000000000e+00 0.000000000000000000e+00 0.000000000000000000e+00 1.280000000000000000e+02 -2.278500000000000014e+01
0.000000000000000000e+00 5.367955131937468538e-02 0.000000000000000000e+00 0.000000000000000000e+00 0.000000000000000000e+00 3.188267747162955475e-03 0.000000000000000000e+00 0.000000000000000000e+00 1.000000000000000000e+00 0.000000000000000000e+00 0.000000000000000000e+00 1.000000000000000000e+00 0.000000000000000000e+00 8.587071003968546057e-01 0.000000000000000000e+00 0.000000000000000000e+00 1.340039889441311735e-03 0.000000000000000000e+00 0.000000000000000000e+00 0.000000000000000000e+00 0.000000000000000000e+00 1.037338538117038439e-01 0.000000000000000000e+00 0.000000000000000000e+00 0.000000000000000000e+00 3.135400594412874886e-01 0.000000000000000000e+00 0.000000000000000000e+00 0.000000000000000000e+00 0.000000000000000000e+00 0.000000000000000000e+00 9.948485378385499844e-01 1.280000000000000000e+02 -2.523499999999999943e+01
0.000000000000000000e+00 0.000000000000000000e+00 3.700597493680652383e-01 0.000000000000000000e+00 0.000000000000000000e+00 0.000000000000000000e+00 0.000000000000000000e+00 0.000000000000000000e+00 7.351392271725988303e-01 0.000000000000000000e+00 0.000000000000000000e+00 1.000000000000000000e+00 0.000000000000000000e+00 1.951403699685011831e-02 0.000000000000000000e+00 0.000000000000000000e+00 0.000000000000000000e+00 0.000000000000000000e+00 9.955121567612204569e-02 0.000000000000000000e+00 0.000000000000000000e+00 0.000000000000000000e+00 3.563031638117061806e-01 0.000000000000000000e+00 0.000000000000000000e+00 7.521538179384653633e-01 0.000000000000000000e+00 0.000000000000000000e+00 0.000000000000000000e+00 0.000000000000000000e+00 0.000000000000000000e+00 0.000000000000000000e+00 1.280000000000000000e+02 -2.378999999999999915e+01
0.000000000000000000e+00 1.000000000000000000e+00 0.000000000000000000e+00 1.467267969288451879e-01 1.000000000000000000e+00 0.000000000000000000e+00 0.000000000000000000e+00 2.002459859404778775e-01 0.000000000000000000e+00 0.000000000000000000e+00 0.000000000000000000e+00 9.803944341554884923e-02 0.000000000000000000e+00 1.000000000000000000e+00 0.000000000000000000e+00 5.409764846219462520e-01 0.000000000000000000e+00 0.000000000000000000e+00 0.000000000000000000e+00 0.000000000000000000e+00 0.000000000000000000e+00 0.000000000000000000e+00 0.000000000000000000e+00 0.000000000000000000e+00 0.000000000000000000e+00 9.141867109759171939e-01 0.000000000000000000e+00 0.000000000000000000e+00 0.000000000000000000e+00 0.000000000000000000e+00 0.000000000000000000e+00 4.051089856870170036e-02 1.280000000000000000e+02 -2.392499999999999716e+01
0.000000000000000000e+00 7.502131918321117143e-02 0.000000000000000000e+00 0.000000000000000000e+00 0.000000000000000000e+00 0.000000000000000000e+00 0.000000000000000000e+00 0.000000000000000000e+00 1.000000000000000000e+00 7.674913727356426352e-02 0.000000000000000000e+00 4.983614711878918413e-02 0.000000000000000000e+00 2.214077507179149640e-01 0.000000000000000000e+00 0.000000000000000000e+00 0.000000000000000000e+00 0.000000000000000000e+00 4.909084065739793279e-01 0.000000000000000000e+00 1.989230436929607547e-05 0.000000000000000000e+00 0.000000000000000000e+00 0.000000000000000000e+00 0.000000000000000000e+00 0.000000000000000000e+00 9.984640365753147950e-01 1.317562433289198032e-01 0.000000000000000000e+00 3.505942023110837906e-05 8.079555747466817817e-01 1.000000000000000000e+00 1.280000000000000000e+02 -2.279999999999999716e+01
0.000000000000000000e+00 0.000000000000000000e+00 0.000000000000000000e+00 4.730164979563976357e-02 0.000000000000000000e+00 0.000000000000000000e+00 0.000000000000000000e+00 0.000000000000000000e+00 0.000000000000000000e+00 0.000000000000000000e+00 0.000000000000000000e+00 0.000000000000000000e+00 0.000000000000000000e+00 0.000000000000000000e+00 0.000000000000000000e+00 0.000000000000000000e+00 0.000000000000000000e+00 0.000000000000000000e+00 0.000000000000000000e+00 0.000000000000000000e+00 0.000000000000000000e+00 0.000000000000000000e+00 8.639684570644592942e-02 7.371514780062935271e-03 0.000000000000000000e+00 0.000000000000000000e+00 0.000000000000000000e+00 4.136381793095890713e-01 1.242620119052309513e-02 0.000000000000000000e+00 0.000000000000000000e+00 0.000000000000000000e+00 1.280000000000000000e+02 -2.146999999999999886e+01
0.000000000000000000e+00 0.000000000000000000e+00 3.117463254777638401e-02 0.000000000000000000e+00 0.000000000000000000e+00 0.000000000000000000e+00 2.764454483056060993e-02 1.261963901650828279e-01 4.821167288397923065e-03 0.000000000000000000e+00 0.000000000000000000e+00 0.000000000000000000e+00 0.000000000000000000e+00 9.929467283380291054e-01 2.119897366562776761e-02 0.000000000000000000e+00 0.000000000000000000e+00 1.942717594685700599e-01 0.000000000000000000e+00 0.000000000000000000e+00 0.000000000000000000e+00 0.000000000000000000e+00 5.655167061474693398e-03 0.000000000000000000e+00 3.844116666919893399e-01 0.000000000000000000e+00 0.000000000000000000e+00 5.990070965322686486e-03 0.000000000000000000e+00 2.546844883762381939e-01 0.000000000000000000e+00 4.390889851941135597e-02 1.280000000000000000e+02 -2.416000000000000014e+01
0.000000000000000000e+00 7.203885742727228481e-01 0.000000000000000000e+00 0.000000000000000000e+00 0.000000000000000000e+00 0.000000000000000000e+00 3.951358177942786154e-02 0.000000000000000000e+00 4.106014765047997228e-01 0.000000000000000000e+00 2.882077447101850098e-01 2.007820529463498760e-01 0.000000000000000000e+00 0.000000000000000000e+00 0.000000000000000000e+00 0.000000000000000000e+00 0.000000000000000000e+00 0.000000000000000000e+00 0.000000000000000000e+00 0.000000000000000000e+00 0.000000000000000000e+00 0.000000000000000000e+00 0.000000000000000000e+00 0.000000000000000000e+00 0.000000000000000000e+00 0.000000000000000000e+00 0.000000000000000000e+00 0.000000000000000000e+00 0.000000000000000000e+00 2.123496526233181400e-02 0.000000000000000000e+00 7.218418931285637274e-01 1.280000000000000000e+02 -2.375999999999999801e+01
0.000000000000000000e+00 1.200914974942084504e-02 2.511492418664722504e-01 4.341241660674761277e-02 0.000000000000000000e+00 0.000000000000000000e+00 1.198896969973599000e-02 0.000000000000000000e+00 7.513542850100425330e-01 1.641984175408156554e-02 0.000000000000000000e+00 1.000000000000000000e+00 0.000000000000000000e+00 8.033314627194098057e-01 0.000000000000000000e+00 0.000000000000000000e+00 0.000000000000000000e+00 0.000000000000000000e+00 0.000000000000000000e+00 0.000000000000000000e+00 0.000000000000000000e+00 0.000000000000000000e+00 0.000000000000000000e+00 0.000000000000000000e+00 0.000000000000000000e+00 1.567627921478703945e-01 0.000000000000000000e+00 0.000000000000000000e+00 0.000000000000000000e+00 0.000000000000000000e+00 0.000000000000000000e+00 8.238866536071358659e-01 1.280000000000000000e+02 -2.374500000000000099e+01
1.021028604574370363e-01 0.000000000000000000e+00 0.000000000000000000e+00 0.000000000000000000e+00 0.000000000000000000e+00 2.055546066209411049e-01 0.000000000000000000e+00 2.034775469232765477e-01 2.896991851634179160e-01 0.000000000000000000e+00 2.126231132335242014e-04 1.000000000000000000e+00 0.000000000000000000e+00 4.366877565333889266e-01 0.000000000000000000e+00 0.000000000000000000e+00 0.000000000000000000e+00 0.000000000000000000e+00 0.000000000000000000e+00 0.000000000000000000e+00 0.000000000000000000e+00 0.000000000000000000e+00 0.000000000000000000e+00 2.549957749719288791e-01 0.000000000000000000e+00 0.000000000000000000e+00 0.000000000000000000e+00 0.000000000000000000e+00 0.000000000000000000e+00 1.647040908417520266e-01 0.000000000000000000e+00 7.419727210854250021e-01 1.280000000000000000e+02 -2.421500000000000341e+01
0.000000000000000000e+00 0.000000000000000000e+00 0.000000000000000000e+00 0.000000000000000000e+00 0.000000000000000000e+00 0.000000000000000000e+00 0.000000000000000000e+00 0.000000000000000000e+00 1.112372666556635109e-01 0.000000000000000000e+00 5.564214249010610708e-02 6.318960451133968093e-01 0.000000000000000000e+00 3.270366678610316380e-01 0.000000000000000000e+00 0.000000000000000000e+00 0.000000000000000000e+00 0.000000000000000000e+00 0.000000000000000000e+00 4.655456401727792182e-01 0.000000000000000000e+00 0.000000000000000000e+00 0.000000000000000000e+00 0.000000000000000000e+00 0.000000000000000000e+00 6.831656089314100955e-01 1.960104796118373183e-01 0.000000000000000000e+00 0.000000000000000000e+00 0.000000000000000000e+00 0.000000000000000000e+00 7.365632805426142182e-02 1.280000000000000000e+02 -2.508500000000000085e+01
4.731445144326864444e-02 5.831017890977806956e-02 7.950533885221818670e-03 0.000000000000000000e+00 0.000000000000000000e+00 1.022519394852452849e-02 0.000000000000000000e+00 6.241408906421449521e-01 3.168055372747298204e-01 0.000000000000000000e+00 0.000000000000000000e+00 1.093566672062640660e-01 0.000000000000000000e+00 7.403067361939781321e-01 0.000000000000000000e+00 9.763592887595590186e-01 0.000000000000000000e+00 0.000000000000000000e+00 0.000000000000000000e+00 1.814518410280401561e-01 3.075901169557782588e-01 0.000000000000000000e+00 1.790204880926880016e-01 0.000000000000000000e+00 0.000000000000000000e+00 0.000000000000000000e+00 0.000000000000000000e+00 0.000000000000000000e+00 0.000000000000000000e+00 0.000000000000000000e+00 2.559061069915343212e-01 9.710746526741722562e-01 1.280000000000000000e+02 -2.309499999999999886e+01
2.507101425087058730e-02 0.000000000000000000e+00 0.000000000000000000e+00 0.000000000000000000e+00 0.000000000000000000e+00 0.000000000000000000e+00 0.000000000000000000e+00 0.000000000000000000e+00 1.000000000000000000e+00 0.000000000000000000e+00 0.000000000000000000e+00 2.339134909479636398e-02 5.504821352875934881e-01 2.880472939038642918e-02 3.106354141920934092e-02 0.000000000000000000e+00 0.000000000000000000e+00 0.000000000000000000e+00 1.197621019013047905e-01 0.000000000000000000e+00 1.643540055370103573e-02 0.000000000000000000e+00 0.000000000000000000e+00 0.000000000000000000e+00 0.000000000000000000e+00 0.000000000000000000e+00 0.000000000000000000e+00 0.000000000000000000e+00 0.000000000000000000e+00 0.000000000000000000e+00 0.000000000000000000e+00 0.000000000000000000e+00 1.280000000000000000e+02 -2.309499999999999886e+01
0.000000000000000000e+00 0.000000000000000000e+00 0.000000000000000000e+00 8.748775758708037253e-01 0.000000000000000000e+00 0.000000000000000000e+00 0.000000000000000000e+00 0.000000000000000000e+00 0.000000000000000000e+00 0.000000000000000000e+00 1.654895421048901971e-01 0.000000000000000000e+00 0.000000000000000000e+00 3.158036889353564858e-01 2.072938342202336470e-02 0.000000000000000000e+00 7.160725007713356627e-01 0.000000000000000000e+00 0.000000000000000000e+00 0.000000000000000000e+00 0.000000000000000000e+00 0.000000000000000000e+00 0.000000000000000000e+00 0.000000000000000000e+00 0.000000000000000000e+00 0.000000000000000000e+00 0.000000000000000000e+00 0.000000000000000000e+00 0.000000000000000000e+00 0.000000000000000000e+00 0.000000000000000000e+00 7.064534838242499115e-02 1.280000000000000000e+02 -2.380000000000000071e+01
0.000000000000000000e+00 0.000000000000000000e+00 0.000000000000000000e+00 0.000000000000000000e+00 0.000000000000000000e+00 0.000000000000000000e+00 0.000000000000000000e+00 1.031068567786060097e-01 0.000000000000000000e+00 0.000000000000000000e+00 0.000000000000000000e+00 3.560120883946319981e-01 0.000000000000000000e+00 1.694678870060805365e-01 0.000000000000000000e+00 0.000000000000000000e+00 0.000000000000000000e+00 0.000000000000000000e+00 0.000000000000000000e+00 0.000000000000000000e+00 0.000000000000000000e+00 9.437912781159174536e-02 3.118411369492710833e-02 0.000000000000000000e+00 6.496190293135445382e-03 0.000000000000000000e+00 0.000000000000000000e+00 0.000000000000000000e+00 0.000000000000000000e+00 3.248726938279101195e-01 0.000000000000000000e+00 0.000000000000000000e+00 1.280000000000000000e+02 -2.539000000000000057e+01
0.000000000000000000e+00 0.000000000000000000e+00 5.368332780645442698e-02 0.000000000000000000e+00 8.599920096197760655e-02 0.000000000000000000e+00 0.000000000000000000e+00 0.000000000000000000e+00 9.917959171645078786e-01 6.222588870821827989e-01 0.000000000000000000e+00 7.598537476192610551e-01 0.000000000000000000e+00 4.387561516202525547e-01 2.731057475469340079e-01 0.000000000000000000e+00 0.000000000000000000e+00 0.000000000000000000e+00 0.000000000000000000e+00 0.000000000000000000e+00 0.000000000000000000e+00 0.000000000000000000e+00 0.000000000000000000e+00 0.000000000000000000e+00 0.000000000000000000e+00 0.000000000000000000e+00 0.000000000000000000e+00 0.000000000000000000e+00 0.000000000000000000e+00 0.000000000000000000e+00 1.060115822710371580e-01 1.000000000000000000e+00 1.280000000000000000e+02 -2.464000000000000057e+01
0.000000000000000000e+00 0.000000000000000000e+00 6.872090359664648727e-03 0.000000000000000000e+00 0.000000000000000000e+00 0.000000000000000000e+00 0.000000000000000000e+00 0.000000000000000000e+00 9.464251101162761692e-01 0.000000000000000000e+00 5.246867528964033276e-04 7.883020067228856398e-01 0.000000000000000000e+00 8.791675390900878240e-01 0.000000000000000000e+00 0.000000000000000000e+00 1.586574936979546005e-02 9.265750688875756813e-02 0.000000000000000000e+00 0.000000000000000000e+00 0.000000000000000000e+00 0.000000000000000000e+00 0.000000000000000000e+00 0.000000000000000000e+00 0.000000000000000000e+00 3.586746171183273768e-01 0.000000000000000000e+00 0.000000000000000000e+00 0.000000000000000000e+00 0.000000000000000000e+00 0.000000000000000000e+00 8.511223363260727037e-01 1.280000000000000000e+02 -2.540500000000000114e+01
0.000000000000000000e+00 1.691439861820231635e-02 0.000000000000000000e+00 0.000000000000000000e+00 5.780209244291099197e-03 0.000000000000000000e+00 0.000000000000000000e+00 0.000000000000000000e+00 9.999045688225394191e-01 6.340716626046823253e-04 8.964226595131470632e-02 9.997567710868875412e-01 0.000000000000000000e+00 8.784724758668452926e-01 0.000000000000000000e+00 0.000000000000000000e+00 0.000000000000000000e+00 2.839241366692619659e-02 2.502454637709047511e-02 0.000000000000000000e+00 0.000000000000000000e+00 0.000000000000000000e+00 0.000000000000000000e+00 0.000000000000000000e+00 0.000000000000000000e+00 3.172698425067335126e-01 0.000000000000000000e+00 0.000000000000000000e+00 1.208248183236036555e-13 0.000000000000000000e+00 0.000000000000000000e+00 9.690603949208902446e-01 1.280000000000000000e+02 -2.588000000000000256e+01
0.000000000000000000e+00 0.000000000000000000e+00 0.000000000000000000e+00 0.000000000000000000e+00 0.000000000000000000e+00 0.000000000000000000e+00 0.000000000000000000e+00 0.000000000000000000e+00 3.912107543495074169e-01 0.000000000000000000e+00 0.000000000000000000e+00 2.577682469780410712e-01 0.000000000000000000e+00 3.526113563083239227e-02 0.000000000000000000e+00 0.000000000000000000e+00 0.000000000000000000e+00 0.000000000000000000e+00 0.000000000000000000e+00 0.000000000000000000e+00 0.000000000000000000e+00 0.000000000000000000e+00 0.000000000000000000e+00 0.000000000000000000e+00 0.000000000000000000e+00 0.000000000000000000e+00 0.000000000000000000e+00 0.000000000000000000e+00 2.624084740873971477e-01 0.000000000000000000e+00 0.000000000000000000e+00 5.453597963859836695e-03 1.280000000000000000e+02 -2.355499999999999972e+01
0.000000000000000000e+00 0.000000000000000000e+00 0.000000000000000000e+00 0.000000000000000000e+00 1.567988875605991553e-02 0.000000000000000000e+00 0.000000000000000000e+00 0.000000000000000000e+00 5.606121562876682507e-01 9.579974958006404195e-01 0.000000000000000000e+00 0.000000000000000000e+00 0.000000000000000000e+00 1.302327341664962813e-02 0.000000000000000000e+00 0.000000000000000000e+00 0.000000000000000000e+00 0.000000000000000000e+00 0.000000000000000000e+00 0.000000000000000000e+00 0.000000000000000000e+00 0.000000000000000000e+00 0.000000000000000000e+00 0.000000000000000000e+00 0.000000000000000000e+00 0.000000000000000000e+00 0.000000000000000000e+00 0.000000000000000000e+00 0.000000000000000000e+00 0.000000000000000000e+00 0.000000000000000000e+00 0.000000000000000000e+00 1.280000000000000000e+02 -2.162000000000000099e+01
0.000000000000000000e+00 0.000000000000000000e+00 0.000000000000000000e+00 0.000000000000000000e+00 0.000000000000000000e+00 7.714222824983202331e-02 0.000000000000000000e+00 2.432137934202531493e-01 5.900472645837749955e-03 0.000000000000000000e+00 1.479228892405275294e-03 4.931474061552593713e-01 0.000000000000000000e+00 0.000000000000000000e+00 0.000000000000000000e+00 0.000000000000000000e+00 0.000000000000000000e+00 1.434085556107941584e-01 0.000000000000000000e+00 0.000000000000000000e+00 0.000000000000000000e+00 0.000000000000000000e+00 0.000000000000000000e+00 0.000000000000000000e+00 0.000000000000000000e+00 0.000000000000000000e+00 0.000000000000000000e+00 0.000000000000000000e+00 0.000000000000000000e+00 0.000000000000000000e+00 0.000000000000000000e+00 6.693095990169367626e-02 1.280000000000000000e+02 -2.274000000000000199e+01
4.096563291944942294e-03 0.000000000000000000e+00 0.000000000000000000e+00 0.000000000000000000e+00 0.000000000000000000e+00 0.000000000000000000e+00 0.000000000000000000e+00 0.000000000000000000e+00 3.126931706649914156e-01 0.000000000000000000e+00 0.000000000000000000e+00 6.438533385142886090e-02 0.000000000000000000e+00 6.853433977726715032e-01 0.000000000000000000e+00 0.000000000000000000e+00 5.851851676147106195e-05 0.000000000000000000e+00 0.000000000000000000e+00 0.000000000000000000e+00 0.000000000000000000e+00 0.000000000000000000e+00 0.000000000000000000e+00 3.089537292458239062e-02 0.000000000000000000e+00 0.000000000000000000e+00 0.000000000000000000e+00 0.000000000000000000e+00 0.000000000000000000e+00 4.801233379293555759e-01 0.000000000000000000e+00 0.000000000000000000e+00 1.280000000000000000e+02 -2.514499999999999957e+01
5.529905231496468065e-01 0.000000000000000000e+00 0.000000000000000000e+00 0.000000000000000000e+00 0.000000000000000000e+00 0.000000000000000000e+00 0.000000000000000000e+00 0.000000000000000000e+00 6.836356651185163669e-01 0.000000000000000000e+00 0.000000000000000000e+00 0.000000000000000000e+00 0.000000000000000000e+00 2.981913445316701772e-01 0.000000000000000000e+00 0.000000000000000000e+00 0.000000000000000000e+00 0.000000000000000000e+00 3.255884422905082065e-01 0.000000000000000000e+00 0.000000000000000000e+00 0.000000000000000000e+00 0.000000000000000000e+00 0.000000000000000000e+00 0.000000000000000000e+00 4.946071427618946026e-01 0.000000000000000000e+00 0.000000000000000000e+00 0.000000000000000000e+00 0.000000000000000000e+00 0.000000000000000000e+00 7.460794395776290896e-23 1.280000000000000000e+02 -2.305999999999999872e+01
0.000000000000000000e+00 0.000000000000000000e+00 0.000000000000000000e+00 0.000000000000000000e+00 0.000000000000000000e+00 0.000000000000000000e+00 0.000000000000000000e+00 0.000000000000000000e+00 5.822524053583293391e-01 0.000000000000000000e+00 0.000000000000000000e+00 1.842045173779773837e-01 0.000000000000000000e+00 0.000000000000000000e+00 1.466420402739509457e-03 4.001789869595599736e-02 0.000000000000000000e+00 1.160720699973504244e-01 0.000000000000000000e+00 0.000000000000000000e+00 0.000000000000000000e+00 0.000000000000000000e+00 0.000000000000000000e+00 0.000000000000000000e+00 0.000000000000000000e+00 0.000000000000000000e+00 0.000000000000000000e+00 0.000000000000000000e+00 0.000000000000000000e+00 0.000000000000000000e+00 0.000000000000000000e+00 8.368356518943995681e-01 1.280000000000000000e+02 -2.349000000000000199e+01
0.000000000000000000e+00 0.000000000000000000e+00 0.000000000000000000e+00 0.000000000000000000e+00 0.000000000000000000e+00 0.000000000000000000e+00 0.000000000000000000e+00 0.000000000000000000e+00 0.000000000000000000e+00 0.000000000000000000e+00 1.103476824454913130e-01 4.794465874500720703e-01 0.000000000000000000e+00 2.919038290048870388e-01 0.000000000000000000e+00 0.000000000000000000e+00 0.000000000000000000e+00 0.000000000000000000e+00 4.747806693583465909e-02 0.000000000000000000e+00 0.000000000000000000e+00 0.000000000000000000e+00 0.000000000000000000e+00 1.305497241088730137e-02 0.000000000000000000e+00 2.036729244740973221e-01 0.000000000000000000e+00 0.000000000000000000e+00 0.000000000000000000e+00 5.529823403504986919e-03 0.000000000000000000e+00 5.505197765220818384e-01 1.280000000000000000e+02 -2.569500000000000028e+01
1.530063093528265528e-01 0.000000000000000000e+00 0.000000000000000000e+00 0.000000000000000000e+00 0.000000000000000000e+00 0.000000000000000000e+00 0.000000000000000000e+00 0.000000000000000000e+00 0.000000000000000000e+00 0.000000000000000000e+00 0.000000000000000000e+00 2.870128294608267350e-01 0.000000000000000000e+00 3.564422623543545693e-02 0.000000000000000000e+00 3.820493636358709977e-02 0.000000000000000000e+00 0.000000000000000000e+00 3.466053161330581722e-01 2.410267580066428189e-02 0.000000000000000000e+00 0.000000000000000000e+00 1.220363308100670258e-01 0.000000000000000000e+00 0.000000000000000000e+00 0.000000000000000000e+00 6.106889045157878892e-02 0.000000000000000000e+00 6.325486920370743116e-01 0.000000000000000000e+00 0.000000000000000000e+00 9.312953251127448207e-01 1.280000000000000000e+02 -2.369500000000000028e+01
1.976845812095364974e-01 0.000000000000000000e+00 0.000000000000000000e+00 0.000000000000000000e+00 0.000000000000000000e+00 0.000000000000000000e+00 0.000000000000000000e+00 0.000000000000000000e+00 0.000000000000000000e+00 0.000000000000000000e+00 1.000000000000000000e+00 0.000000000000000000e+00 0.000000000000000000e+00 9.349894873790630667e-01 0.000000000000000000e+00 0.000000000000000000e+00 1.529094541777822058e-01 0.000000000000000000e+00 0.000000000000000000e+00 5.251092376719946886e-01 0.000000000000000000e+00 0.000000000000000000e+00 5.704893004639039963e-03 0.000000000000000000e+00 0.000000000000000000e+00 2.132905420338862199e-02 0.000000000000000000e+00 4.088133568233989767e-01 0.000000000000000000e+00 0.000000000000000000e+00 0.000000000000000000e+00 0.000000000000000000e+00 1.280000000000000000e+02 -2.423999999999999844e+01
0.000000000000000000e+00 0.000000000000000000e+00 0.000000000000000000e+00 0.000000000000000000e+00 0.000000000000000000e+00 2.122754073207137049e-01 0.000000000000000000e+00 0.000000000000000000e+00 1.000000000000000000e+00 0.000000000000000000e+00 0.000000000000000000e+00 0.000000000000000000e+00 1.885616121586963789e-01 3.719850583515931230e-01 0.000000000000000000e+00 0.000000000000000000e+00 0.000000000000000000e+00 0.000000000000000000e+00 0.000000000000000000e+00 0.000000000000000000e+00 1.000000000000000000e+00 0.000000000000000000e+00 0.000000000000000000e+00 0.000000000000000000e+00 0.000000000000000000e+00 4.804897213536269973e-01 0.000000000000000000e+00 0.000000000000000000e+00 0.000000000000000000e+00 0.000000000000000000e+00 0.000000000000000000e+00 2.098521625093589249e-01 1.280000000000000000e+02 -2.410500000000000043e+01
9.777634085044252521e-02 0.000000000000000000e+00 0.000000000000000000e+00 0.000000000000000000e+00 0.000000000000000000e+00 0.000000000000000000e+00 0.000000000000000000e+00 0.000000000000000000e+00 0.000000000000000000e+00 0.000000000000000000e+00 0.000000000000000000e+00 3.310445304772015040e-01 0.000000000000000000e+00 0.000000000000000000e+00 0.000000000000000000e+00 0.000000000000000000e+00 0.000000000000000000e+00 0.000000000000000000e+00 0.000000000000000000e+00 0.000000000000000000e+00 0.000000000000000000e+00 0.000000000000000000e+00 0.000000000000000000e+00 0.000000000000000000e+00 0.000000000000000000e+00 1.581302804009179427e-02 0.000000000000000000e+00 0.000000000000000000e+00 0.000000000000000000e+00 0.000000000000000000e+00 0.000000000000000000e+00 0.000000000000000000e+00 1.280000000000000000e+02 -2.301999999999999957e+01
0.000000000000000000e+00 0.000000000000000000e+00 0.000000000000000000e+00 0.000000000000000000e+00 0.000000000000000000e+00 1.000515420055069493e-01 0.000000000000000000e+00 0.000000000000000000e+00 8.920416086709672676e-01 2.291541612267698230e-12 0.000000000000000000e+00 9.998936858510576453e-01 6.008608203581345536e-02 8.718711206627683952e-01 0.000000000000000000e+00 0.000000000000000000e+00 0.000000000000000000e+00 0.000000000000000000e+00 0.000000000000000000e+00 0.000000000000000000e+00 1.171991450560260113e-02 0.000000000000000000e+00 0.000000000000000000e+00 0.000000000000000000e+00 0.000000000000000000e+00 1.834282180354034619e-01 0.000000000000000000e+00 0.000000000000000000e+00 0.000000000000000000e+00 0.000000000000000000e+00 0.000000000000000000e+00 8.472568340332029546e-01 1.280000000000000000e+02 -2.517000000000000171e+01
0.000000000000000000e+00 0.000000000000000000e+00 0.000000000000000000e+00 0.000000000000000000e+00 0.000000000000000000e+00 0.000000000000000000e+00 0.000000000000000000e+00 0.000000000000000000e+00 0.000000000000000000e+00 0.000000000000000000e+00 0.000000000000000000e+00 0.000000000000000000e+00 0.000000000000000000e+00 0.000000000000000000e+00 0.000000000000000000e+00 0.000000000000000000e+00 0.000000000000000000e+00 0.000000000000000000e+00 0.000000000000000000e+00 0.000000000000000000e+00 3.345683274901910600e-03 5.897832008358432354e-01 0.000000000000000000e+00 0.000000000000000000e+00 6.659106031503249368e-02 0.000000000000000000e+00 0.000000000000000000e+00 0.000000000000000000e+00 0.000000000000000000e+00 0.000000000000000000e+00 0.000000000000000000e+00 4.748541558406029761e-01 1.280000000000000000e+02 -2.232999999999999829e+01
0.000000000000000000e+00 0.000000000000000000e+00 0.000000000000000000e+00 1.740554198032172040e-01 0.000000000000000000e+00 0.000000000000000000e+00 0.000000000000000000e+00 0.000000000000000000e+00 1.163075743779483501e-01 0.000000000000000000e+00 0.000000000000000000e+00 1.000000000000000000e+00 0.000000000000000000e+00 2.205664687621850320e-02 0.000000000000000000e+00 0.000000000000000000e+00 0.000000000000000000e+00 1.372041086107484431e-01 0.000000000000000000e+00 0.000000000000000000e+00 0.000000000000000000e+00 0.000000000000000000e+00 0.000000000000000000e+00 0.000000000000000000e+00 0.000000000000000000e+00 0.000000000000000000e+00 0.000000000000000000e+00 0.000000000000000000e+00 0.000000000000000000e+00 0.000000000000000000e+00 0.000000000000000000e+00 9.277889745661548337e-01 1.280000000000000000e+02 -2.350000000000000000e+01
6.505605634038388874e-04 0.000000000000000000e+00 0.000000000000000000e+00 0.000000000000000000e+00 0.000000000000000000e+00 0.000000000000000000e+00 0.000000000000000000e+00 0.000000000000000000e+00 8.859838722828442537e-01 0.000000000000000000e+00 0.000000000000000000e+00 8.978136431541140494e-01 0.000000000000000000e+00 6.940481783612282296e-01 0.000000000000000000e+00 0.000000000000000000e+00 0.000000000000000000e+00 1.850802059339564753e-04 0.000000000000000000e+00 0.000000000000000000e+00 0.000000000000000000e+00 0.000000000000000000e+00 0.000000000000000000e+00 0.000000000000000000e+00 0.000000000000000000e+00 3.695024264067109376e-01 0.000000000000000000e+00 0.000000000000000000e+00 0.000000000000000000e+00 0.000000000000000000e+00 3.266994633172415341e-02 1.000000000000000000e+00 1.280000000000000000e+02 -2.539999999999999858e+01
0.000000000000000000e+00 0.000000000000000000e+00 0.000000000000000000e+00 0.000000000000000000e+00 8.572335287798694692e-01 0.000000000000000000e+00 0.000000000000000000e+00 0.000000000000000000e+00 6.258696423939140718e-01 0.000000000000000000e+00 6.406803590143838045e-01 1.000000000000000000e+00 0.000000000000000000e+00 9.023605666227455524e-01 0.000000000000000000e+00 0.000000000000000000e+00 0.000000000000000000e+00 9.112621990729825872e-02 0.000000000000000000e+00 0.000000000000000000e+00 0.000000000000000000e+00 0.000000000000000000e+00 7.085249948188138136e-02 0.000000000000000000e+00 0.000000000000000000e+00 0.000000000000000000e+00 0.000000000000000000e+00 0.000000000000000000e+00 0.000000000000000000e+00 0.000000000000000000e+00 0.000000000000000000e+00 1.000000000000000000e+00 1.280000000000000000e+02 -2.471999999999999886e+01
0.000000000000000000e+00 0.000000000000000000e+00 0.000000000000000000e+00 0.000000000000000000e+00 9.184112890374314109e-01 8.380927277119566421e-01 0.000000000000000000e+00 3.141575369373315607e-01 0.000000000000000000e+00 0.000000000000000000e+00 0.000000000000000000e+00 0.000000000000000000e+00 0.000000000000000000e+00 0.000000000000000000e+00 0.000000000000000000e+00 0.000000000000000000e+00 0.000000000000000000e+00 0.000000000000000000e+00 0.000000000000000000e+00 6.712518876065388662e-01 0.000000000000000000e+00 0.000000000000000000e+00 1.000000000000000000e+00 6.760137582977177040e-02 0.000000000000000000e+00 0.000000000000000000e+00 0.000000000000000000e+00 0.000000000000000000e+00 2.004107396551304821e-01 0.000000000000000000e+00 0.000000000000000000e+00 0.000000000000000000e+00 1.280000000000000000e+02 -2.205999999999999872e+01
0.000000000000000000e+00 0.000000000000000000e+00 0.000000000000000000e+00 0.000000000000000000e+00 0.000000000000000000e+00 0.000000000000000000e+00 0.000000000000000000e+00 0.000000000000000000e+00 7.559807253532709048e-02 9.127672623486493553e-02 0.000000000000000000e+00 2.810706335163742908e-01 0.000000000000000000e+00 0.000000000000000000e+00 0.000000000000000000e+00 0.000000000000000000e+00 0.000000000000000000e+00 0.000000000000000000e+00 0.000000000000000000e+00 0.000000000000000000e+00 0.000000000000000000e+00 0.000000000000000000e+00 0.000000000000000000e+00 0.000000000000000000e+00 0.000000000000000000e+00 0.000000000000000000e+00 0.000000000000000000e+00 0.000000000000000000e+00 0.000000000000000000e+00 0.000000000000000000e+00 0.000000000000000000e+00 0.000000000000000000e+00 1.280000000000000000e+02 -2.299499999999999744e+01
0.000000000000000000e+00 0.000000000000000000e+00 0.000000000000000000e+00 0.000000000000000000e+00 0.000000000000000000e+00 0.000000000000000000e+00 0.000000000000000000e+00 0.000000000000000000e+00 1.244902905203237528e-02 0.000000000000000000e+00 0.000000000000000000e+00 0.000000000000000000e+00 0.000000000000000000e+00 2.483551835254201035e-01 0.000000000000000000e+00 5.150396993631756876e-02 0.000000000000000000e+00 0.000000000000000000e+00 0.000000000000000000e+00 1.688042569243173030e-01 0.000000000000000000e+00 0.000000000000000000e+00 3.976241336081128286e-01 0.000000000000000000e+00 0.000000000000000000e+00 0.000000000000000000e+00 0.000000000000000000e+00 0.000000000000000000e+00 0.000000000000000000e+00 0.000000000000000000e+00 0.000000000000000000e+00 8.115135513481094298e-01 1.280000000000000000e+02 -2.480000000000000071e+01
0.000000000000000000e+00 0.000000000000000000e+00 5.067417215432645089e-02 0.000000000000000000e+00 0.000000000000000000e+00 0.000000000000000000e+00 0.000000000000000000e+00 0.000000000000000000e+00 3.447222331412135021e-02 4.358276314713710464e-02 0.000000000000000000e+00 5.789341760734573183e-01 0.000000000000000000e+00 9.580636318087286663e-01 0.000000000000000000e+00 0.000000000000000000e+00 0.000000000000000000e+00 0.000000000000000000e+00 3.656010869781840533e-01 8.834889428205660450e-03 0.000000000000000000e+00 0.000000000000000000e+00 2.191391982515337664e-02 0.000000000000000000e+00 0.000000000000000000e+00 5.305175357227217559e-01 3.686445028336354530e-03 0.000000000000000000e+00 0.000000000000000000e+00 0.000000000000000000e+00 4.252462808343310079e-03 0.000000000000000000e+00 1.280000000000000000e+02 -2.507000000000000028e+01
0.000000000000000000e+00 0.000000000000000000e+00 0.000000000000000000e+00 0.000000000000000000e+00 0.000000000000000000e+00 0.000000000000000000e+00 0.000000000000000000e+00 0.000000000000000000e+00 4.130052884630635440e-02 0.000000000000000000e+00 0.000000000000000000e+00 0.000000000000000000e+00 0.000000000000000000e+00 1.669807903439248786e-01 0.000000000000000000e+00 0.000000000000000000e+00 0.000000000000000000e+00 0.000000000000000000e+00 0.000000000000000000e+00 0.000000000000000000e+00 0.000000000000000000e+00 0.000000000000000000e+00 0.000000000000000000e+00 0.000000000000000000e+00 0.000000000000000000e+00 0.000000000000000000e+00 0.000000000000000000e+00 0.000000000000000000e+00 0.000000000000000000e+00 0.000000000000000000e+00 0.000000000000000000e+00 0.000000000000000000e+00 1.280000000000000000e+02 -2.387500000000000000e+01
