5.000000000000000000e-01 5.000000000000000000e-01 5.000000000000000000e-01 5.000000000000000000e-01 5.000000000000000000e-01 5.000000000000000000e-01 5.000000000000000000e-01 5.000000000000000000e-01 5.000000000000000000e-01 5.000000000000000000e-01 5.000000000000000000e-01 5.000000000000000000e-01 5.000000000000000000e-01 5.000000000000000000e-01 5.000000000000000000e-01 5.000000000000000000e-01 5.000000000000000000e-01 5.000000000000000000e-01 5.000000000000000000e-01 5.000000000000000000e-01 5.000000000000000000e-01 5.000000000000000000e-01 5.000000000000000000e-01 5.000000000000000000e-01 5.000000000000000000e-01 5.000000000000000000e-01 5.000000000000000000e-01 5.000000000000000000e-01 5.000000000000000000e-01 5.000000000000000000e-01 5.000000000000000000e-01 5.000000000000000000e-01 1.024000000000000000e+03 -3.392000000000000171e+01
5.000000000000000278e-02 7.903225806451613655e-02 1.080645161290322565e-01 1.370967741935483764e-01 1.661290322580645240e-01 1.951612903225806162e-01 2.241935483870967638e-01 2.532258064516129115e-01 2.822580645161290036e-01 3.112903225806451513e-01 3.403225806451612434e-01 3.693548387096773911e-01 3.983870967741935387e-01 4.274193548387096309e-01 4.564516129032257785e-01 4.854838709677418707e-01 5.145161290322580738e-01 5.435483870967742215e-01 5.725806451612903691e-01 6.016129032258064058e-01 6.306451612903225534e-01 6.596774193548387011e-01 6.887096774193548487e-01 7.177419354838709964e-01 7.467741935483871440e-01 7.758064516129031807e-01 8.048387096774193283e-01 8.338709677419354760e-01 8.629032258064516236e-01 8.919354838709677713e-01 9.209677419354838079e-01 9.499999999999999556e-01 1.024000000000000000e+03 -3.618500000000000227e+01
9.499999999999999556e-01 9.209677419354838079e-01 8.919354838709677713e-01 8.629032258064516236e-01 8.338709677419354760e-01 8.048387096774193283e-01 7.758064516129031807e-01 7.467741935483871440e-01 7.177419354838709964e-01 6.887096774193548487e-01 6.596774193548387011e-01 6.306451612903225534e-01 6.016129032258064058e-01 5.725806451612903691e-01 5.435483870967742215e-01 5.145161290322580738e-01 4.854838709677418707e-01 4.564516129032257785e-01 4.274193548387096309e-01 3.983870967741935387e-01 3.693548387096773911e-01 3.403225806451612434e-01 3.112903225806451513e-01 2.822580645161290036e-01 2.532258064516129115e-01 2.241935483870967638e-01 1.951612903225806162e-01 1.661290322580645240e-01 1.370967741935483764e-01 1.080645161290322565e-01 7.903225806451613655e-02 5.000000000000000278e-02 1.024000000000000000e+03 -3.311499999999999488e+01
5.000000000000000278e-02 1.099999999999999867e-01 1.699999999999999845e-01 2.299999999999999822e-01 2.899999999999999800e-01 3.499999999999999223e-01 4.099999999999999201e-01 4.699999999999999178e-01 5.299999999999999156e-01 5.899999999999999689e-01 6.499999999999999112e-01 7.099999999999999645e-01 7.699999999999999067e-01 8.299999999999999600e-01 8.899999999999999023e-01 9.499999999999999556e-01 9.499999999999999556e-01 8.900000000000000133e-01 8.299999999999999600e-01 7.700000000000000178e-01 7.099999999999999645e-01 6.500000000000000222e-01 5.900000000000000799e-01 5.300000000000000266e-01 4.700000000000000289e-01 4.100000000000000311e-01 3.500000000000000888e-01 2.900000000000000355e-01 2.300000000000000933e-01 1.700000000000000400e-01 1.100000000000000977e-01 5.000000000000000278e-02 1.024000000000000000e+03 -3.482999999999999829e+01
9.499999999999999556e-01 8.900000000000000133e-01 8.300000000000000711e-01 7.700000000000000178e-01 7.099999999999999645e-01 6.500000000000001332e-01 5.900000000000000799e-01 5.300000000000000266e-01 4.700000000000000844e-01 4.100000000000000311e-01 3.500000000000000888e-01 2.900000000000000355e-01 2.300000000000000933e-01 1.700000000000000400e-01 1.100000000000000977e-01 5.000000000000004441e-02 5.000000000000004441e-02 1.099999999999999867e-01 1.700000000000000400e-01 2.299999999999999822e-01 2.900000000000000355e-01 3.499999999999999778e-01 4.099999999999999201e-01 4.699999999999999734e-01 5.300000000000000266e-01 5.899999999999999689e-01 6.499999999999999112e-01 7.099999999999999645e-01 7.699999999999999067e-01 8.299999999999999600e-01 8.899999999999999023e-01 9.499999999999999556e-01 1.024000000000000000e+03 -3.096999999999999886e+01
1.499999999999999944e-01 8.499999999999999778e-01 1.499999999999999944e-01 8.499999999999999778e-01 1.499999999999999944e-01 8.499999999999999778e-01 1.499999999999999944e-01 8.499999999999999778e-01 1.499999999999999944e-01 8.499999999999999778e-01 1.499999999999999944e-01 8.499999999999999778e-01 1.499999999999999944e-01 8.499999999999999778e-01 1.499999999999999944e-01 8.499999999999999778e-01 1.499999999999999944e-01 8.499999999999999778e-01 1.499999999999999944e-01 8.499999999999999778e-01 1.499999999999999944e-01 8.499999999999999778e-01 1.499999999999999944e-01 8.499999999999999778e-01 1.499999999999999944e-01 8.499999999999999778e-01 1.499999999999999944e-01 8.499999999999999778e-01 1.499999999999999944e-01 8.499999999999999778e-01 1.499999999999999944e-01 8.499999999999999778e-01 1.024000000000000000e+03 -3.479999999999999716e+01
7.812500000000000000e-02 1.062500000000000111e-01 9.500000000000000666e-01 6.406250000000000833e-02 6.406250000000000833e-02 7.812500000000000000e-02 9.500000000000000666e-01 6.406250000000000833e-02 6.406250000000000833e-02 9.500000000000000666e-01 6.406250000000000833e-02 9.500000000000000666e-01 6.406250000000000833e-02 9.500000000000000666e-01 1.062500000000000111e-01 9.500000000000000666e-01 9.500000000000000666e-01 6.406250000000000833e-02 9.500000000000000666e-01 9.500000000000000666e-01 9.500000000000000666e-01 9.500000000000000666e-01 1.625000000000000056e-01 6.406250000000000833e-02 6.406250000000000833e-02 9.500000000000000666e-01 5.000000000000000000e-01 1.062500000000000111e-01 6.406250000000000833e-02 9.500000000000000666e-01 6.406250000000000833e-02 9.500000000000000666e-01 1.024000000000000000e+03 -3.920000000000000284e+01
5.499596620578787176e-01 6.483548188835264181e-01 4.031573756688733856e-01 1.958032880261222908e-01 2.704009991651217804e-01 5.574613117508135929e-01 2.675124162838839470e-01 9.076545228512565844e-01 9.750881068470830249e-01 5.885783967192788069e-01 8.955207968557677978e-01 2.299666373827536359e-01 1.705502977979132806e-01 4.687976438986074523e-01 6.241754460553111672e-01 6.665951276318247132e-01 2.051066005658749858e-01 5.973376488339716683e-01 9.677507933637109483e-01 7.800854691737262314e-01 6.406054641060090482e-01 2.641205845587580869e-01 5.860846633778217241e-01 2.466163523058121088e-01 5.789845308022084636e-01 3.502848306260404332e-01 5.768673578580290062e-01 8.462947572284763575e-01 6.796250054397709461e-02 6.417819552423570384e-02 8.017540475474302930e-01 9.201571036738644960e-01 1.024000000000000000e+03 -3.557000000000000028e+01
2.622698287316063692e-01 9.632098608288813812e-03 5.165716392603276752e-01 5.768566574680376036e-01 6.782206125259221396e-01 5.876394429973132993e-01 7.841409629724142016e-01 2.733712923657345972e-01 5.365866490939278366e-01 6.474857220674236080e-01 2.002105894633453009e-01 5.133235330574751482e-02 4.634996590896091062e-01 3.494233067375930313e-01 8.326469505674507499e-01 7.920917722293130403e-01 9.072141006962872734e-01 2.441623709352906679e-01 9.592898229432198498e-01 4.486929966054843399e-01 5.155760419871965317e-01 1.376924240280757994e-01 4.736147129171294767e-01 2.752941869705160822e-03 9.218405382814913729e-01 5.337959542312068484e-01 8.455907339814657808e-01 2.146798765276285714e-01 3.532994023657911598e-01 3.627727888303389214e-01 9.088807973080816893e-01 2.804788845225503202e-01 1.024000000000000000e+03 -3.525000000000000000e+01
4.568320962797169787e-02 3.051490326569460398e-01 5.339207433116736068e-01 4.231786628204712297e-01 3.714424855602773690e-01 9.655201246498605616e-02 4.539878766960424583e-01 2.543758490909631687e-01 6.154476124719353569e-01 1.424411261214202085e-01 6.197530597665543706e-01 7.428262150917537276e-01 4.766836470389648750e-01 6.195256419179864249e-01 4.627334587545043343e-01 5.718989194723496094e-01 3.964998813585250415e-01 5.528711660013653217e-01 5.634784228254976490e-01 4.273416344066880979e-01 7.323745718622118317e-02 4.824091070515960089e-01 4.993602555629323425e-01 2.859860885000230502e-01 4.088670828404711299e-01 9.259741498757690925e-01 7.381239520014564182e-01 6.623379503475317065e-02 7.603829072103838183e-01 2.873061297674525325e-02 2.757631347469570726e-01 1.188422140819004528e-04 1.024000000000000000e+03 -3.510500000000000398e+01
1.108854236274403327e-01 8.020463280741055856e-01 3.987387679831667919e-02 5.306552448452588333e-01 1.690724823389042342e-01 1.941550058918840027e-01 6.672020152448396857e-01 5.216592544487079763e-01 7.591107242447833192e-01 4.701420981503642293e-01 8.558172067278746464e-01 3.988685335673073165e-03 8.255225304816352638e-01 7.105970043087763699e-01 7.313327842842698434e-01 3.810121596785737697e-01 1.323896065783160547e-01 6.729775322224155198e-01 5.405281456289311171e-02 1.623242265092037506e-01 7.214112177737848075e-01 4.077397317211129413e-01 7.292913618565513012e-01 5.797639820810640554e-01 2.700521845119230879e-01 1.148560871945959599e-01 9.880947779061752811e-01 7.587113989583544882e-01 7.769569427951709961e-02 9.678333997555792212e-02 8.260722142603905693e-01 6.752998455245114995e-01 1.024000000000000000e+03 -3.214000000000000057e+01
8.151219187652072318e-01 5.274273354498268951e-01 8.840089696714226175e-02 8.657577437215348004e-01 8.170489235953045659e-01 1.728997785095600093e-01 8.597376763527200816e-02 2.227300921166591452e-01 8.770181975038766620e-01 5.465238987703550100e-01 5.750227085209668187e-01 9.094837738667342908e-01 1.317190519742365007e-01 5.852766026733757787e-01 2.273624426507550311e-01 8.574141533763554035e-01 3.579277984943725344e-02 1.121044504710683731e-01 1.415271499575850023e-01 1.892827670307735410e-01 5.473626484477503995e-01 5.062048559307512630e-01 4.101598708152049411e-01 7.753632141739409400e-01 6.988066588893979691e-01 9.457684285631901000e-01 1.290091396514009836e-01 7.810694209659609921e-01 3.940694282110827062e-01 7.597551167281091367e-01 5.816296164502789967e-01 3.923331183724804161e-01 1.024000000000000000e+03 -3.241499999999999915e+01
4.591050636143128583e-01 5.092325236331918248e-01 2.282640202322910594e-01 3.966194208457708981e-01 2.589161625682150358e-01 7.217058786508895318e-01 3.099935391692509312e-01 7.753290855763482758e-01 8.911990174349365690e-01 9.267562749265941813e-01 2.555462952511708408e-01 2.562844118703131446e-01 5.775162499642306768e-01 1.235339311124037526e-01 5.381723576332992920e-01 4.190223334924312315e-01 6.097029087312884066e-01 5.776646672445280295e-01 6.041922216319318695e-01 9.509836399139581786e-01 9.180689862103373899e-01 2.561528899969537365e-01 9.149555899959692373e-02 7.996492890330827441e-01 8.595276342541346981e-01 4.840785281536730822e-01 8.927046735326263915e-01 4.184644965511836179e-01 6.290910135439186091e-01 9.596623114712965474e-01 6.257867655703974741e-01 2.529713565020850208e-01 1.024000000000000000e+03 -3.366499999999999915e+01
5.274725378998119663e-01 7.616191857332329507e-01 2.028930162805723039e-02 2.986216385642636029e-01 7.802308647389010199e-01 2.613616069631805594e-01 3.851069579679903820e-01 5.290700983746573494e-01 1.994192987413544449e-01 7.632663812098308131e-01 8.117577287078682202e-01 8.245061376707836232e-01 6.165929718821653305e-01 3.908627545894065580e-01 1.659677523103299801e-01 3.038322632877170082e-01 9.485023691514835043e-02 2.027045215056932914e-01 8.158104423667598137e-01 5.788345350510143428e-01 9.007850183584172887e-01 3.862613233700117887e-01 8.695581238052343398e-01 5.040644540904849064e-02 4.449657619143447262e-01 1.501247579319612557e-01 3.479795007906889004e-01 7.461404974431096182e-01 8.220068722558889762e-01 2.312390010547759056e-01 7.283603697319512849e-01 4.429342594563137614e-01 1.024000000000000000e+03 -3.284000000000000341e+01
4.189622429399909587e-01 5.950156963764934304e-01 1.956232302657928135e-01 1.853508726728327061e-01 9.162194628558604226e-01 2.263358456959838894e-01 8.204072675851288299e-01 8.261320159691749598e-01 6.821706395524205213e-01 7.828700774298109899e-02 9.600408382523322182e-01 6.489578564513183434e-02 2.798285906948690394e-01 8.652596931720982765e-01 3.675755883992327666e-01 5.204239890893941345e-01 2.537738530991504038e-01 3.513587865211981742e-01 7.218897498517069522e-01 4.409262662328875676e-02 9.330890670613490867e-01 2.219636035033515642e-01 7.713446902778234859e-01 1.367199463379012159e-01 6.481300749357711277e-01 2.575097959158744176e-01 2.011896183999300480e-01 8.886939677521368264e-01 2.583794238057737780e-02 2.016263838163233624e-01 1.883998382452828080e-01 9.324144558164088048e-01 1.024000000000000000e+03 -3.414999999999999858e+01
2.033493168497021164e-01 1.367772968492924901e-01 9.902300033160561510e-01 6.738876016602842745e-01 7.087632017192855294e-01 8.820884372451068822e-01 6.242389430282072604e-01 6.635305267853646161e-01 7.380303866130255575e-01 9.009088951725299221e-01 4.187495933504810641e-01 6.806371369888423173e-01 2.560283819722687926e-01 8.841305054449712930e-01 1.230247788887201960e-01 8.379043239914788499e-01 8.296593187569387684e-01 1.240397769920554144e-01 2.914893502972550898e-01 8.297078784287866826e-01 4.708988843131450830e-01 7.996655863084349836e-01 1.176228535993644603e-01 3.091734393095438294e-01 8.019850339046413756e-01 5.649196821878920555e-02 5.339703560304148722e-01 8.105742130606993223e-01 6.601958738374823499e-01 1.871738025522666216e-01 9.592122367777622394e-01 3.641368397159855386e-01 1.024000000000000000e+03 -3.568500000000000227e+01
4.437627262071762724e-01 1.774492498955551334e-01 6.459583429651035713e-01 6.309325319217399253e-01 4.375849279407079684e-01 4.378458333550104831e-01 9.387857175666242115e-01 1.093355197674352186e-01 8.536561434506964030e-01 5.367740063725827682e-01 6.334623706049895553e-01 8.611030000512015503e-01 8.230705444912143065e-01 4.820058703547920598e-02 6.844843189058332777e-01 3.575942349237061068e-03 8.612525724174530106e-01 2.841471215750552282e-01 6.768812800021503095e-01 3.942892585971513042e-01 9.701184254551863395e-01 3.561080283285736336e-01 4.279282931725567063e-02 1.226759771329126725e-01 1.759817769119534081e-01 9.939394156483850606e-01 4.902954384922211251e-01 7.256460920961930183e-01 6.920537742827067573e-01 5.683037754334501201e-01 6.352892578596985862e-01 4.368146075533703709e-01 1.024000000000000000e+03 -3.422999999999999687e+01
2.647319200621682245e-01 6.185398228603294912e-01 2.764628181481790237e-01 9.547906123593250527e-01 4.927554507243903648e-01 7.819693264566618396e-01 5.491820819040201807e-01 7.481353560480412390e-02 9.328702333780570788e-01 5.002658019989347782e-01 3.398625334119712571e-01 4.289634510804754552e-01 5.884857703758888947e-01 6.455670880648022303e-01 6.063019733275017975e-01 9.753243251113445922e-01 2.945245106637151555e-01 5.257567791022991210e-01 9.034835383028569922e-01 9.720860438609830734e-01 1.241691750899000107e-01 5.866164268400831938e-01 2.914473677770725302e-01 4.385575351392258514e-01 1.739005472919854245e-01 8.331456457407028504e-02 2.731258144668745058e-01 9.970005501951479943e-01 8.795403549215820016e-01 4.206310447895825755e-01 1.299919703613315325e-01 5.843073471038912059e-01 1.024000000000000000e+03 -3.515999999999999659e+01
6.787634745238242395e-01 3.234259555056481772e-01 4.085139107148107879e-03 3.787128463808961138e-03 9.442298795054534510e-01 3.205609801659321523e-01 3.348712946042977645e-01 6.299352210309131506e-01 3.623596279068643788e-01 8.793182874708233010e-01 8.732252419850938807e-01 6.457914958855939247e-01 1.945123391905969057e-01 2.333790000019746735e-01 8.706667030031640664e-01 4.922472339020687038e-01 5.818183464855872788e-01 4.637706339447522086e-01 4.418323939684516977e-01 6.036538245257567770e-01 3.583152603648198653e-01 2.404226183586348764e-01 4.279567606169879523e-01 8.242597660536568061e-01 3.379184323630031184e-01 5.648309529363804149e-01 6.810044694839416657e-01 9.069772147783835559e-01 4.171804937470733332e-01 7.187724014706049491e-01 3.273568776219242804e-01 5.188046620285310384e-01 1.024000000000000000e+03 -3.372999999999999687e+01
1.264336078774823402e-01 4.771470828356803584e-01 8.846643645840808201e-01 6.610541140999019738e-02 3.904075622563727976e-01 1.627702681745387195e-02 6.006311782398275900e-01 5.033860875402702550e-01 2.800096184941274500e-04 7.143679900271692196e-01 9.992536689226688695e-02 5.811497851014915117e-01 9.076716538263897016e-01 6.509288796237969743e-01 1.048911241285429841e-01 7.372525635569072699e-01 3.010199153331373223e-01 8.054414850335102349e-02 7.398753363291792340e-01 9.315200952535667156e-01 2.129394084907438034e-01 7.334001316944228632e-01 4.906745770617608748e-01 2.026954607600787439e-01 1.407141795013921726e-01 9.566070180993804239e-01 6.593775516880578946e-01 9.863769892476476064e-02 3.226726339601919125e-01 8.618134244780509823e-01 6.694592960664800252e-01 8.243144920233949069e-01 1.024000000000000000e+03 -3.623999999999999488e+01
7.299929245612041262e-01 8.589274683513994368e-01 7.131475235226892861e-01 7.872909723193435294e-01 4.538258909775414462e-01 7.420616327307834048e-01 1.176283766714723983e-01 7.666608554665192976e-01 7.963804484690204522e-01 5.182793470380585577e-01 1.716294154997294319e-01 1.904264239544951054e-01 5.078441854007085254e-01 3.164448190039126363e-01 4.299321385810017104e-01 2.623271914598369545e-02 1.137290134549213821e-01 7.416955806179367228e-01 8.426680491703343323e-01 7.500141176909516094e-01 8.244373062666401353e-01 5.695934182792948830e-01 5.126691389332018942e-03 5.538315199865220251e-01 3.990320977278534742e-01 7.626843017135810365e-01 1.623852509330939720e-01 4.482081314345378042e-01 4.216199503857900877e-01 3.754611869163148596e-01 6.576131149185083791e-01 5.110274096484745954e-02 1.024000000000000000e+03 -3.453999999999999915e+01
7.974036861647653129e-01 2.088943351341312760e-01 3.672157936894929753e-01 3.836291951941803863e-02 1.991187096741315471e-02 2.719852843016020705e-01 9.252374668904957966e-01 8.203134321550162866e-01 3.999693773897597393e-02 7.366878468475536179e-01 9.363259498184026697e-01 3.254680946219351001e-01 2.820030025341288549e-01 9.165912160998095359e-01 5.547582588204521548e-01 4.118633484972956255e-02 5.767843192721168188e-01 8.058967910859330397e-01 3.933269471763822106e-02 4.103468205285062398e-01 6.783616687458818850e-01 9.527799059218785560e-01 3.880545001249601222e-01 4.175409305491766809e-01 3.597425712892839966e-01 5.595502463285514372e-01 9.597359354782267760e-01 1.706606034036823871e-01 4.640126910889033618e-01 6.522266451141995880e-01 5.427103819643114280e-01 1.874692952120950995e-01 1.024000000000000000e+03 -3.561999999999999744e+01
9.631600605217974786e-01 5.775245184194551795e-01 5.542202998801660785e-01 3.288752146376044405e-01 8.269858628019233215e-01 7.108104566023538684e-01 4.741490552555317761e-02 2.016064943269225695e-01 4.507296422056150109e-01 3.719172239656190482e-01 8.941098881043634261e-01 4.979397244398152678e-01 9.996268829186405469e-01 5.365357993096251388e-01 9.207189083974459676e-01 6.120338637524895820e-01 6.878154892080495797e-01 9.745881899606989585e-02 7.404384454238603641e-02 5.389426122281187892e-01 6.933714399753838631e-01 3.258562511715824839e-02 9.707809027690599279e-01 8.393959662740377858e-01 6.040572968590225411e-01 5.850281062468187798e-01 6.242023380668951793e-01 2.057310425514385574e-02 7.370018373790987454e-01 4.251940481798132110e-01 5.235106407158460762e-01 2.079328121444190547e-01 1.024000000000000000e+03 -3.574000000000000199e+01
3.087034056579238822e-02 2.872877560090278740e-02 8.653284191029075867e-01 5.101779257322749395e-01 9.714207587089285223e-01 7.544634620786730972e-01 1.618899683982257809e-01 9.782091504985472585e-02 5.083786472892806163e-01 8.614113313099289737e-01 2.679388875091015532e-01 2.072390011326689097e-01 9.265875924206051772e-01 7.823679907658038779e-01 3.982009472825043250e-01 1.673217999264210998e-01 9.867401361317509334e-01 6.952082185244291557e-01 1.880341626258696663e-01 5.942563621059696599e-01 5.696286996053845364e-01 6.617476681906518943e-01 5.240573447526793993e-01 3.039831808173886277e-02 6.283174260201278560e-01 8.651321221814183282e-01 8.163472485540137491e-01 7.153570007378906581e-01 9.303968070945785040e-01 7.310350721521610695e-02 4.641959863672019959e-01 7.757245831001920999e-01 1.024000000000000000e+03 -3.457000000000000028e+01
4.764503527984788600e-01 9.434625684076954899e-01 9.510567757770663766e-01 8.844578570197746403e-01 6.126021285304638075e-01 1.916381728693959952e-01 2.499167786318880480e-01 4.156577309560869904e-01 2.831685774052919435e-01 4.440165501352817401e-01 1.405470425991337934e-03 3.412915467332881536e-01 1.412184016351026583e-01 1.927290415515472977e-01 5.142436297848173021e-01 1.340750370422004178e-01 3.599476987385586968e-01 5.342156652031638808e-01 4.798248956649088237e-01 8.497281605670334304e-02 3.421430159577896202e-01 4.026114737921336617e-02 5.408771832531377166e-01 1.568282877060238889e-01 7.223675896523726880e-01 1.873145900980404677e-01 9.431522033800144866e-01 5.039273549098505223e-01 7.204968374209314019e-01 3.923281327188873346e-01 7.731374731434627057e-01 2.842585016229235984e-01 1.024000000000000000e+03 -3.307999999999999829e+01
1.426222035981760672e-01 9.107293232955424589e-01 8.575162235967076496e-02 1.420913427527480122e-01 4.084803527691068803e-01 2.146784028498989472e-02 5.872077383095184455e-01 2.407953273527357607e-01 3.957333458492031664e-01 7.375699114425514624e-01 4.588824055956782222e-01 9.761929492998767666e-01 1.840380727689879814e-01 5.919749100153690741e-02 7.869390922084354423e-02 8.706526442451748560e-01 8.496897922317011576e-01 9.371174017201279183e-01 5.012703536480948019e-01 6.648703629328114317e-01 4.445124258623669444e-01 8.272181602681668577e-01 2.425817592395371203e-01 6.731297749681988130e-01 4.577664489410222803e-02 2.369853330121043655e-01 2.519708584930979711e-01 6.452530787344635810e-01 6.432971911549746347e-01 8.849664156338398202e-01 3.553868716777011660e-01 5.740023974028722886e-01 1.024000000000000000e+03 -3.309499999999999886e+01
7.117445925068711654e-01 7.149799319906910977e-01 6.260389977439805298e-01 9.058725571253682940e-01 5.707586153596052592e-01 6.484032665740800949e-01 4.147940200372667863e-01 6.003708090118342611e-01 6.612586554982764486e-01 4.062959552844211952e-01 1.171564640087661147e-01 6.188608050814712325e-01 3.538111109283441635e-01 4.775801416112860354e-01 2.988370410780637476e-01 2.155483107435836043e-01 6.686816511856124023e-01 9.965090809786660841e-01 6.491606659503577070e-01 8.090583029287906625e-01 5.019131553246904132e-02 9.912688572000777354e-01 9.183224254166925116e-01 9.702240401605439768e-01 2.269755248598592789e-01 8.497518616628524368e-01 9.225486635475894648e-01 2.973816788069763573e-01 5.891145832907237478e-01 6.353312823807475418e-01 5.643203467248755212e-01 2.984884254241708668e-01 1.024000000000000000e+03 -3.426500000000000057e+01
9.770489158995802059e-01 8.940976327494291054e-01 8.302307100645134330e-01 6.033580370372655377e-01 1.552839872778448982e-01 5.323796114399413915e-01 2.885496731632908873e-01 1.676254457099307649e-01 1.523954496584773999e-01 6.732805487773806385e-01 8.361741393347881246e-01 8.595457367141427774e-02 8.628097404122830882e-01 8.655729450573447503e-02 5.436530958484501325e-02 5.392329768179170424e-01 9.693684029101568012e-01 6.555320560837513133e-01 6.480774469431971330e-01 2.816466113710127880e-02 3.750015739436312057e-01 6.871889250059226573e-01 7.859821388458447800e-01 5.103240164121516376e-01 2.392560901474725388e-01 7.235406693152115487e-01 3.324457829373105022e-02 1.060052670255479286e-02 1.079364957860068502e-01 1.311635402501095393e-01 1.620340839570994507e-01 4.908909884112294675e-01 1.024000000000000000e+03 -3.300000000000000000e+01
3.837932107409603999e-01 6.119278119345711309e-01 7.239702591572738655e-01 9.146525176009558944e-01 3.219124712878402295e-01 4.806717823642708137e-02 5.715194209005685089e-01 6.452221310819968858e-01 9.158383587021239336e-01 1.144077582024434769e-01 3.512818897725495382e-01 8.348588263943360621e-01 9.579236282644157940e-01 4.394150637589990804e-01 4.783566160685974178e-01 2.590493746612161918e-01 6.216841439222273724e-01 3.828297171423311052e-01 2.215915744585487401e-01 8.717210232599112985e-01 1.037794630038823690e-01 6.286117407733864404e-01 6.729947799184347046e-01 6.903107287334628861e-01 5.680794590065744165e-01 3.232757149664905461e-02 5.488430509012334202e-01 2.778401755211324931e-01 8.055966039001574153e-01 7.765122365678134297e-01 2.855164506907566513e-01 3.461441302545235077e-01 1.024000000000000000e+03 -3.400500000000000256e+01
5.142135713917879158e-01 9.770104640388650452e-01 1.670243871289153192e-01 5.952987943667192861e-01 7.964628142909122577e-01 1.531906825031855990e-01 7.460529775068489577e-01 9.481684913392105507e-01 1.870201404365442466e-01 2.991864031091354126e-01 9.123961670985805128e-01 3.797803998196378483e-01 2.995677632054147832e-01 5.700135025472022887e-01 5.724688850986507302e-03 1.452444319175493770e-01 7.882317441982142903e-01 1.794464054228040450e-01 9.241493495226799082e-01 9.994490463771545929e-01 4.148217225649831197e-01 6.484331536489440495e-01 9.390271921779380637e-01 8.530397482573065515e-01 9.657504682113330352e-01 6.543399555486469898e-01 2.131410762511257717e-01 9.476316292083297732e-01 8.453633327891511007e-01 9.124815977977784875e-01 2.095268241078662719e-01 9.136710016916439747e-02 1.024000000000000000e+03 -3.418999999999999773e+01
3.649443698758988996e-01 6.742043151886965013e-01 3.404224477438220209e-01 2.477492572910472424e-01 2.049104399421507461e-01 3.069885145215719424e-01 8.466076651821133892e-01 5.672200276021431842e-01 6.377452508144583476e-02 5.731763578380419943e-01 6.218743773052571450e-02 6.557175082269351973e-01 9.774302336709114192e-01 9.753513975154975979e-01 4.567288424712964007e-02 8.130992092749524114e-02 7.493089750192242215e-01 2.810087146382263257e-03 7.996612184136369095e-01 2.380631507163388783e-01 2.930978853182891752e-01 4.570834110861907162e-01 5.639897147865080562e-01 5.411751724952723608e-01 1.074801477029335289e-01 4.479574492341997088e-02 7.865998854174426347e-01 3.173674127395060829e-01 9.690907182598853531e-01 2.541980178032742788e-01 2.358378505953686588e-01 7.702038282574875661e-01 1.024000000000000000e+03 -3.464000000000000057e+01
8.571298068153134775e-01 8.180239372560502709e-01 3.026510040765870158e-01 2.847456015807514618e-01 7.632322080600985048e-01 1.106262682221928195e-01 4.284616429193034426e-01 9.289509409446305988e-01 8.288980075593638253e-01 3.207367226951490236e-01 7.655425375603560623e-01 7.151647518321699870e-01 1.792654339817563447e-02 7.307559132735514940e-01 9.006930459704124425e-01 5.918194297773385903e-01 4.448956950970360813e-01 8.768977138034098617e-01 6.302778774947175311e-01 6.345170804497333172e-01 9.482162281705919238e-01 9.588641541002333735e-02 3.822391529938151677e-01 2.199219436136300998e-01 5.417861041405879208e-01 7.189857065948934700e-01 1.420649524870394309e-01 2.055534216579595341e-01 8.651475387009047724e-01 8.279461073056290088e-01 4.094335501313317582e-01 4.679153694355684401e-01 1.024000000000000000e+03 -3.525999999999999801e+01
6.963538405222606809e-01 5.117881812978071487e-02 3.730969464825299453e-01 7.396338046720719595e-01 7.207610170492794177e-01 6.768541738812886566e-01 9.846819739197474330e-01 4.407886414489996518e-01 7.732333892713098011e-01 2.821697361030753859e-01 2.893132823570122580e-01 4.812862663995464141e-01 6.568783825658701669e-01 9.582797285768708262e-01 9.831301082128168778e-01 3.499689373222513722e-01 6.506026181803753472e-02 4.213292579820231420e-01 1.222474330011736887e-01 1.369255564988660356e-01 1.800653636061397556e-01 5.563225597982903725e-01 7.157271668639443307e-01 7.605623618508902672e-02 8.201745871123128362e-02 8.393210116277776134e-01 6.032027328536609251e-02 1.069005559088493096e-01 4.746914772657855330e-01 6.721319182769343037e-01 5.580442839746075911e-01 6.220823340639876076e-01 1.024000000000000000e+03 -3.194500000000000028e+01
3.255562885427667474e-01 4.154615020174291518e-01 5.957076520969161182e-01 4.674654221402828602e-01 5.238913940186945561e-01 6.662671997724483042e-01 1.408044393770706559e-01 8.421569842386836813e-01 4.711590027408616987e-01 1.666701158186531251e-01 7.065561927880514848e-01 7.313323801513430533e-01 9.403011103883729405e-01 7.411117999791735356e-01 8.441327705303247608e-01 2.697034556951178330e-01 4.092371080498345970e-01 3.262235778753037191e-02 7.100989585813719529e-01 1.518245908925990872e-01 4.303321258295966234e-01 7.853371275069168655e-01 2.680141958163050411e-02 2.766724818941277975e-01 9.602918822858904635e-01 4.086509894079771721e-01 1.911319731661690335e-01 2.578966430275638211e-01 8.359466213542094959e-01 8.570842347580684972e-01 2.251114282908140141e-01 1.143004675059749592e-01 1.024000000000000000e+03 -3.404999999999999716e+01
2.898169631252180412e-01 4.557299707576763503e-01 1.877094245903198622e-01 6.564236891717676325e-01 2.127824380849057673e-01 8.674712166928008061e-01 3.516020656518508702e-01 1.574576248882203489e-01 9.565478408325470694e-01 9.757131382873546199e-01 1.254485035278584126e-01 8.789468338299470940e-01 9.703641767638704341e-02 9.052744471140181659e-01 4.100811441571897698e-01 4.719766887188499016e-01 8.061740471702908417e-01 1.598780476097463321e-01 7.769206407844293505e-01 6.798688981950661292e-01 2.001083663616723685e-01 9.114287617059931845e-01 9.053559167874420943e-01 6.385383812205540632e-01 7.772790491510008781e-01 2.177024058544693164e-01 3.132157216926413912e-01 6.678927106531776792e-01 9.120932972046870424e-02 7.513477618625128418e-01 7.501939079077114547e-01 4.927720367351126063e-01 1.024000000000000000e+03 -3.417999999999999972e+01
2.433128654822614700e-01 1.613572959859432276e-01 7.385003418018025734e-01 3.757697318122791841e-01 2.813799751443606390e-01 4.186762791465121758e-01 2.443775298843667981e-02 3.122466845906058941e-01 5.157554920191022019e-01 2.658431714223401521e-01 9.995851130677085861e-01 4.418222714678428642e-01 4.466435517965173241e-01 6.760108410132015244e-01 1.570655775813974420e-01 1.872295043900369105e-01 5.302494792408581903e-01 7.699424837543551448e-01 9.993369430425915745e-01 3.668919420497809836e-01 2.372527699417436298e-01 5.329509538474809238e-01 6.480376006911093834e-01 9.867559081502325080e-01 8.287583468722762303e-01 3.310557269355941523e-01 3.882239914223497568e-01 5.523495750000572135e-01 7.189648413458219478e-01 8.174730243735159885e-01 9.366330592468573302e-02 5.346839207404562311e-01 1.024000000000000000e+03 -3.537500000000000000e+01
8.831449564362949811e-01 3.499899260358423914e-01 2.832159168948946704e-01 9.345159981836469454e-01 5.693625210524327906e-02 4.411694126899896595e-01 5.196027193407375400e-01 4.652622554495141061e-01 3.507599425483762801e-01 8.390450688605952667e-01 3.747653830389699459e-01 6.916943067838383641e-01 5.202471674109403477e-01 6.064952714159822511e-01 2.672132078377382203e-01 5.483970834290244900e-01 6.573851904572214355e-01 7.262660157683291651e-01 3.350703008479593015e-01 5.083311158775560834e-01 5.726820428074429203e-02 3.188781629054713851e-01 6.854903583359930330e-01 9.895586621195470722e-02 2.907602274202523152e-01 6.733157110590466399e-01 7.989008863621765988e-01 3.597138748507809625e-02 2.585914724858157654e-01 3.154587174877666045e-01 3.392333683790855203e-01 8.432089246874369115e-01 1.024000000000000000e+03 -3.493999999999999773e+01
8.793892795290891851e-02 6.660692807521562120e-01 1.401642583449635437e-01 2.390041117522518077e-01 6.572252248919113748e-01 1.338165372513434037e-01 2.274701337743870733e-01 4.794280197319517600e-01 9.800568229436204537e-02 1.286151810707845400e-01 5.183502124052510179e-02 5.675265506986935105e-01 7.422270561835965230e-01 1.982990352446671600e-02 2.827847125126898842e-01 2.074762961517231108e-01 2.749155668272916242e-01 3.879502587720543572e-01 1.295404812495946079e-01 8.577686050223096714e-01 7.994201299946059880e-01 6.719852342825071156e-01 1.672977511021868369e-01 9.331088666752345162e-01 2.550042852721407516e-01 4.964231455797962766e-01 1.094519677632152937e-01 3.440235219016247181e-01 5.218200890967273908e-01 4.501509775314359585e-01 7.116230049637336519e-01 9.824912874597524493e-01 1.024000000000000000e+03 -3.314000000000000057e+01
4.860923737723970087e-03 3.711873059278132381e-01 1.560699652274759874e-01 5.443488429947286322e-01 3.484424973443274176e-01 9.450115103360626767e-01 4.822517784556946685e-01 9.381946430434502382e-01 1.735364431222491122e-01 2.152442226594092622e-01 6.043929004755010936e-01 2.221356708224664356e-01 3.707371095280264650e-01 3.548509894680801358e-01 3.170932298222906009e-01 6.684412791084336225e-02 3.699531894627944850e-01 8.521155980605739089e-01 8.725883768529506535e-01 8.044082060734314421e-01 7.710864027989234870e-01 3.367316858016956016e-01 8.440200518569174193e-01 1.858182863473492596e-01 3.703920684406904473e-01 5.151608503314911713e-01 6.373848040491786326e-01 6.591411418060552085e-01 9.865030669237601080e-01 3.293455129886693755e-01 9.188532535015514480e-01 3.498149142599676215e-02 1.024000000000000000e+03 -3.379999999999999716e+01
1.866131312660327390e-01 1.022746525159715647e-01 8.963167492831899397e-01 4.936533570851387442e-01 9.908765875371191578e-01 4.992772895540517619e-01 8.246064861170663285e-01 8.946380128494464401e-01 6.941074119135320908e-01 6.509910461311870788e-01 2.122929041369267800e-01 1.355976561626370258e-01 2.330682584036159188e-01 2.869820777680843205e-01 3.404233566168281544e-01 6.413461399691304798e-01 3.112919061296924930e-02 4.084835295569987923e-01 6.923451720566475842e-01 1.721540252863323905e-02 6.023119857726739745e-01 6.109104015303429280e-01 6.248496422884830537e-01 5.059284602741381809e-01 9.120273983720098010e-02 2.934916834509036510e-01 4.160756245747820881e-01 2.428873237667177887e-01 9.564982005641764484e-01 5.052594219825211619e-01 5.885316614504444710e-02 9.743342477373380106e-01 1.024000000000000000e+03 -3.409000000000000341e+01
4.986548659511319537e-01 4.216461830256109100e-01 4.088538398802553653e-01 9.727167791802768804e-01 2.310870681925284442e-01 6.875863251920905084e-02 3.283128587575515622e-01 5.795016361814631090e-01 6.444243279576368222e-01 9.945472823030792053e-01 1.553824788319124461e-01 5.585556967426154040e-01 7.349066726253024040e-01 9.846706548755956856e-01 7.611064053323471912e-01 8.777732159247764177e-01 2.387483436651942348e-01 2.470978721097575326e-01 9.534555174963803975e-03 5.223528974384910040e-01 7.059062362661756573e-01 1.482773013697995246e-01 8.253265304252366263e-01 4.478521032970622096e-01 9.976949421034055909e-01 9.108601041812185439e-01 3.839383211839048626e-01 9.187791214124977346e-01 6.015854450088624628e-01 3.690972469991455479e-02 1.111148067478391205e-01 4.116329735590699146e-01 1.024000000000000000e+03 -3.476500000000000057e+01
9.328207206798069251e-01 3.983632143999884523e-01 7.598337586253975928e-01 4.548424504188546269e-01 1.328908035371182961e-01 3.895820694680035556e-01 8.064923593948807312e-01 6.879615323344836497e-01 2.325102614186061734e-01 8.431435720779033582e-01 7.209390272246655185e-01 1.039982488455781090e-01 4.374869510855326077e-02 8.561499874315098291e-01 6.342289059635138893e-01 3.513410659292451332e-01 5.029857863438711441e-01 7.834827704711265772e-01 5.834813881078568798e-01 6.425982367115046223e-02 2.799609224801076213e-01 6.794439825605698424e-02 1.481525593593761847e-01 7.658987738626810149e-01 1.008091318033584906e-02 7.739285674091903600e-01 3.323101729339706933e-01 5.753945391763897188e-01 1.798859481807259797e-01 4.605622186297387288e-01 2.515924069115623718e-01 5.496115840834083777e-01 1.024000000000000000e+03 -3.332999999999999829e+01
7.516064527458933275e-01 1.411763174098311924e-01 7.945187456630409262e-01 4.202880617089155835e-01 8.775013085342950880e-01 4.658361333209062316e-01 8.843473181128210792e-01 9.941961615479447678e-01 9.103904605921778748e-01 3.475800787208325193e-01 9.726069705110229613e-01 2.315847139941597244e-02 6.004707157735700296e-01 7.994970179794962384e-01 2.166072552878190241e-02 4.492691013475905160e-01 7.338598123592557920e-01 9.046654864132189777e-01 3.185786383847898917e-01 7.320358013281724752e-01 1.572761997792111455e-01 4.265513707995666204e-01 1.932466409448490297e-01 2.285552135135726637e-01 7.030969257609448464e-01 3.855947377961302380e-01 7.171942513673800201e-01 4.787629735213410620e-01 3.586893950787486962e-02 8.014427459639166251e-01 3.108366316556621101e-02 6.936910426007067976e-01 1.024000000000000000e+03 -3.466499999999999915e+01
8.961220308683212066e-01 2.302044814003543494e-01 7.808580961081638128e-01 3.452658675278143519e-01 5.340354991190082723e-01 8.159658425040658969e-01 1.976802800408440364e-01 4.531879003368753656e-02 2.163485724634383045e-01 1.627950606945870182e-02 4.372177807660037607e-01 3.917441423346899043e-01 7.003282401577265448e-01 3.813830214567753285e-01 6.681492841406392325e-01 9.218565758725216774e-02 3.200481827097864107e-01 8.922219307515777409e-01 4.624052310205601923e-01 2.712840521471709954e-01 9.982514824479792326e-01 3.031757514111845797e-01 2.473168577249583722e-01 9.613435743355365215e-01 6.124147282660637875e-02 1.587896386621512057e-01 4.531838119960899802e-01 3.922546243906592789e-01 2.817950378964546587e-01 1.154971058863612510e-01 8.421474737590822768e-01 5.397245467347077524e-02 1.024000000000000000e+03 -3.516499999999999915e+01
6.078625759861870648e-02 7.525096239911059914e-01 4.710874095423872587e-01 7.570220938308950265e-01 6.955947414423530040e-01 9.811214834302308674e-01 7.579505525594691928e-01 2.975873109820783013e-01 4.365819871494521776e-01 2.005462776167296901e-01 6.918115045636455962e-01 3.553189565219497803e-01 5.315024174860715211e-01 9.408839212156788756e-01 5.763535709672236163e-01 9.337941410122859720e-01 7.029854590836819295e-01 5.801488079550197741e-01 8.412076391938052566e-01 3.382745895594168606e-01 8.356603795532866474e-01 6.116062873872866665e-03 2.994966049694606780e-01 7.276712963176517057e-01 8.964834511484387480e-01 6.890929266856967716e-01 4.262445338495414737e-01 6.025229760086594499e-01 2.646316293661457597e-01 5.437583147952340656e-01 3.777026200441148118e-01 6.548104011532988045e-01 1.024000000000000000e+03 -3.578000000000000114e+01
6.635033417392857125e-01 9.638367405288954526e-01 4.418349306435170321e-01 2.647759689802522409e-01 5.929768067801586273e-01 6.875596648435533531e-01 1.780952614957660440e-01 8.689225833502585150e-01 3.234826217056174236e-01 6.302733303634114881e-01 3.989493537942201962e-01 2.984278239319030357e-01 6.472198513668105113e-02 1.201745486392082896e-01 1.197586846189480220e-01 7.882837231714321380e-01 1.453688492578810443e-01 6.916045618257669891e-02 5.344497158953691596e-01 7.618598749186834551e-01 1.116414913009862453e-01 9.686923642450271377e-01 2.242888866497967648e-01 7.486684013412454597e-01 8.651975984312857415e-01 3.930668508301938813e-01 4.719590170061112311e-02 3.840214684195071837e-01 5.440664453584046489e-01 1.552796391867468651e-01 8.912360898334583670e-01 2.176251622625682836e-01 1.024000000000000000e+03 -3.392000000000000171e+01
8.063208885134721948e-02 4.971502973814208026e-01 4.215728032098448042e-01 1.386310303890944395e-01 8.670503246085368154e-01 3.734754833795856377e-01 3.913515708748063759e-01 9.766797557663559060e-01 1.392570146995458502e-01 3.218142810038481655e-02 3.206465831697592472e-01 1.460800165668361683e-01 1.083837275990751081e-01 3.127886501755662296e-01 1.826720786003950270e-01 3.898226499710341075e-01 5.155384270936835822e-01 6.191985525843087812e-01 4.032196434214127545e-01 5.583387942119072411e-01 1.605010790662416420e-01 7.572346263130251831e-01 6.044295300682361177e-02 6.618745129942774641e-01 6.678479437755630022e-01 6.094510145435484867e-03 2.929482434297310811e-01 4.588923173672698197e-01 1.702602143496800557e-01 5.242273377946412571e-01 8.655717350928855414e-01 2.341245546421346913e-01 1.024000000000000000e+03 -3.581499999999999773e+01
4.251633582136700173e-01 5.471223195990178034e-01 5.964071435261403958e-02 9.978816681563322799e-01 8.431126422597166048e-01 6.071379659250832894e-01 8.599416196232185783e-01 7.120925902062232860e-01 7.153025866341174988e-01 3.683431541153699973e-01 5.091122149361664295e-01 5.386573217225846255e-01 6.316779904088828390e-01 1.749924282503850514e-01 8.013119992312076612e-01 3.215646470664447198e-01 5.518296281929691016e-01 4.990494778030216821e-02 2.758265959086782584e-02 3.792281827531998606e-01 3.325784435805860251e-01 8.154674788106470729e-01 8.065101439125029748e-01 6.294761495262527484e-01 3.267193848962834934e-01 2.065869916309487631e-01 9.680288692278150586e-01 4.341470587616515497e-01 5.616048316569866028e-01 9.847909782406653045e-01 4.848648908173932015e-01 7.897388730935053225e-01 1.024000000000000000e+03 -3.292000000000000171e+01
7.596499674414962655e-01 2.805344037415220537e-01 4.943260695950239536e-01 7.925761208773076660e-01 4.758776273572034032e-01 4.747770633085953706e-01 9.780268444679425244e-01 3.654520721828033447e-01 1.170197845392171726e-01 9.627520254048221870e-02 6.690660411572462163e-01 8.051548701475279568e-01 6.677278712863640164e-01 2.248732618211103929e-01 4.957690101910557368e-01 2.807433552267606380e-01 1.883716056206889309e-03 9.476435325708889579e-01 1.659196973842835543e-01 4.829540568517798338e-01 5.272631038496843336e-01 8.808085963830973864e-01 1.350746608836233820e-01 8.711068600380428295e-01 4.245314718979091295e-01 4.609874193646236740e-01 7.713037202028946160e-01 3.010919278652083309e-01 1.310738539059986829e-01 9.804324893087488224e-01 7.676297167267954746e-01 9.075683847663520432e-01 1.024000000000000000e+03 -3.314000000000000057e+01
9.183229704906008539e-01 7.727186595364037291e-01 8.179792738972126998e-01 8.545304724706368482e-01 5.597576013884146828e-01 9.529929176611913189e-01 6.058829377173595432e-02 8.042472632140685862e-01 8.690199334372787632e-02 8.208962205907373022e-01 7.408792754915602963e-01 2.857439904754530691e-01 7.959128474803813802e-01 9.994241121590451138e-02 8.157691148620368482e-01 8.141990358839279462e-01 4.628403437263973741e-01 1.508187988013335867e-01 5.251558543647680821e-01 4.640064976496234839e-01 6.270062786546801714e-01 3.688930115020512268e-01 7.374581210174155355e-02 9.278451294506890878e-01 1.944842395788733969e-01 4.349665325065959487e-01 7.706733343757454779e-02 5.147408614841522123e-01 5.026469662378942882e-01 9.104947093952305837e-01 9.750530572823769004e-01 3.309530925948303004e-01 1.024000000000000000e+03 -3.384000000000000341e+01
3.144650162694963558e-01 8.418219335075720344e-02 2.606406219227276888e-01 3.645659846487200317e-01 3.536439956789932948e-01 8.391076892428716016e-01 5.045387879412417398e-01 4.213407522346939160e-01 4.761885573276997130e-01 6.105781610769737133e-01 1.867817405336510417e-01 6.060727190711906465e-01 4.110832304929319947e-01 5.470270954327235424e-01 7.834061091657259501e-01 7.610525542944810429e-01 1.605604854386858682e-01 9.233884731440219484e-01 8.870091613516152274e-01 3.121338142729187526e-01 8.748306940127319464e-01 8.730214087950955992e-01 9.533644235137108680e-01 9.078749030852608648e-01 5.146085893920703258e-01 3.647263495397309319e-01 8.280757748194433887e-01 7.599075277471283030e-02 4.408032669660422176e-01 5.840238134650489465e-01 3.869691349031748606e-01 1.435303427110387053e-01 1.024000000000000000e+03 -3.481000000000000227e+01
5.909836149829276186e-01 3.618177060220495456e-01 3.198291847607871441e-01 4.822509905285146670e-01 4.566450321675464830e-01 9.226418013348922642e-01 9.073418300015427818e-01 3.379557872451071643e-01 5.992389778499368491e-01 7.876310029565646298e-01 5.056080335367977296e-01 8.560607020833607139e-01 8.261758047964515295e-02 7.596990452504585045e-01 7.073082336913797397e-01 9.608630575330222579e-01 8.118481415966382064e-01 4.738626388231341746e-01 9.433514719803121062e-01 1.951469102429681246e-01 7.863996500856570426e-01 1.075427592607564597e-01 8.797377044749834507e-01 4.756383108817752725e-01 4.670876193959904166e-01 9.812130155055717173e-01 8.301832066625299336e-03 9.318560245868279246e-01 3.092898456762034898e-01 3.497724979566645964e-01 4.965455208103157492e-02 3.707413933805610018e-01 1.024000000000000000e+03 -3.504500000000000171e+01
3.910851199314018811e-01 9.936428898178026881e-01 1.170370898056991293e-01 7.001969954744824420e-01 8.156463078232940866e-02 8.321974005742702185e-02 6.910646259381834078e-01 6.820413259166936415e-01 3.776346852080128547e-01 6.949286831253879138e-01 2.621905186458337034e-02 2.799992064491237387e-01 7.599103663265459607e-01 1.992782779973097662e-01 2.602410516684935948e-01 7.309905422133948782e-01 8.812687072917722020e-01 2.704704984548635394e-01 2.461483652851317039e-01 6.251683495580889760e-01 5.904155054203580333e-01 9.187695911121003256e-01 6.518794441371543735e-01 4.663946374583100574e-01 7.476502542740357526e-01 6.400229721075951783e-01 2.294180973279871527e-01 5.957977024610289218e-01 8.988549137392313204e-01 1.126800205594691816e-02 8.645789529844306875e-02 1.738497013200680508e-01 1.024000000000000000e+03 -3.410999999999999943e+01
6.444606114147723996e-01 8.252276231479276358e-01 9.317562006927690987e-01 8.165031048724490370e-01 1.922405642856993557e-01 5.660866119709030420e-01 4.662733299308450263e-01 5.948801731302798962e-02 3.015187036541535082e-01 4.019314253876717369e-01 2.441967302956957742e-01 4.677431112921191514e-01 7.749897018790491421e-01 4.946037295215932605e-01 9.655389738014822365e-01 9.084229969086196066e-01 6.329948479684626150e-01 8.118869735238135599e-01 3.767587741130327128e-01 6.851253297567183598e-01 4.961704109771364890e-01 2.004570868721098353e-01 3.543056523783481571e-01 3.639298092036022947e-01 9.349536396061511878e-01 8.780692237159583302e-02 6.041980558260755529e-01 5.386563677680620277e-01 2.342800518404263566e-01 7.216307051158203922e-01 9.845926005047220819e-01 9.491724382393209591e-01 1.024000000000000000e+03 -3.577000000000000313e+01
7.814303187906860293e-01 9.123134707315884162e-01 4.801399798270795105e-01 8.304488520320372213e-01 4.899496899165673575e-02 6.299674330952210743e-01 9.557396939177412731e-01 5.584329297899416344e-01 4.076835843296526818e-01 1.905312909503282803e-01 8.203703588430702465e-02 1.186903781047832923e-01 4.264259073883564510e-01 4.102232172175616642e-01 9.566805446445343364e-01 6.792367572873215797e-01 3.455481885242452922e-01 6.352719073327501853e-01 3.052724073635417756e-01 9.245928775784175713e-01 6.605636747324783453e-01 8.563395670543201277e-01 8.194162339392280225e-01 3.984461284721172447e-01 6.574753186914359393e-01 2.666015276687643265e-01 5.095811861990767744e-01 7.935020784388442383e-01 3.780604902388839950e-01 2.255750236547296728e-01 4.947395223794814889e-01 6.134378294744075033e-01 1.024000000000000000e+03 -3.445499999999999829e+01
9.996316778723961516e-01 2.220135170441421002e-01 9.185855743450327404e-01 1.118182405015782643e-01 9.545066100126888831e-01 9.957684054169134713e-01 5.310761929535841031e-01 3.298176369188105528e-01 5.871864727009384888e-01 4.237255803849134250e-01 3.102502060238651049e-01 1.683455569586083944e-01 3.434974320608892295e-01 2.478635234272044408e-01 2.430949037909375665e-01 1.208063185036090115e-01 9.591833817723676159e-01 7.081436645382716000e-01 7.555951328071331963e-01 2.925766907196110100e-01 2.662966279305159500e-02 5.183666535503653749e-01 6.051885282734184024e-01 5.751313088049839761e-01 3.133657085460457292e-01 7.483908196233328702e-01 5.061372031373921887e-01 8.707504805980058604e-01 5.357084230539607139e-01 6.262581103503344071e-01 6.136566513682538693e-01 1.375186306607627806e-01 1.024000000000000000e+03 -3.335999999999999943e+01
1.684790698198213033e-01 2.951779322290873364e-01 6.779006441363465418e-01 6.468619392854433325e-01 1.123383422165388501e-01 9.011937468961636055e-01 8.792768767035419319e-02 7.295725585579553307e-01 5.489717635077120406e-01 2.453347491654359058e-01 7.759381131292240052e-01 5.215485406010523795e-01 5.462522713686184250e-01 8.412782623647587776e-01 9.467259739470926805e-01 4.299973102264427194e-01 9.462176861065321187e-01 2.120211188045501016e-01 4.252368869106189497e-01 1.217702458450081737e-01 2.529338371240369421e-01 1.595293297014397371e-01 4.392972723302308036e-01 8.777452382728317959e-01 7.620974514171690029e-01 1.388011068668683345e-01 8.701743066367004786e-01 7.016402742541506532e-01 1.503343149595549877e-01 2.661762476849339754e-01 4.418004804802738161e-01 7.365949306845879230e-01 1.024000000000000000e+03 -3.467999999999999972e+01
5.677625972885947947e-01 7.353832164176413722e-01 5.988990433904094468e-01 1.582714267986808920e-01 3.131376524664316596e-01 2.833475363001349279e-01 4.344354559348295036e-03 7.526456138222545889e-01 2.694304925173847676e-01 4.886613911692826440e-01 4.867787862713617297e-01 9.836237515479444582e-01 7.037005799512002779e-01 5.109940149228301420e-01 3.717872853682275269e-01 4.830318996813230403e-01 7.571313604739302594e-01 5.010540522055532131e-01 5.486996051983915601e-01 2.464980063547696221e-01 8.524613144381729679e-01 4.443153125267043091e-01 5.469906070611763038e-01 6.081644329543355321e-01 5.474790876861740374e-01 6.178423097483787263e-01 9.178262355488657487e-02 1.870405172709423969e-01 9.237465332262767559e-01 6.886848190786296620e-01 6.887630203109217364e-01 7.499638171900662176e-01 1.024000000000000000e+03 -3.560000000000000142e+01
8.319846719651768918e-01 4.680017184523905249e-01 8.492600890457553398e-01 7.582752932829818493e-02 6.390215621299832893e-01 5.222803194440188701e-01 7.155147075476459007e-01 3.977983832151080756e-01 2.582193795244991930e-01 4.523485314831587195e-02 7.961593478615153208e-01 7.567786017015241118e-01 7.413629876896662627e-03 1.624100701629655266e-02 1.954613042902570430e-01 6.956294588012926772e-01 4.745237933628618232e-01 3.224526822343527499e-01 2.447908235422775469e-01 2.267236740502622805e-01 3.048201221931697291e-01 2.948409861449903802e-01 2.659376673546333114e-01 3.408644362775855585e-01 4.870538756795760871e-01 8.150774489132014411e-01 4.667860431355833062e-01 1.522930164647868234e-01 1.941850757592041843e-01 9.436389109777787443e-01 8.187311601441391584e-01 7.160963453148753155e-01 1.024000000000000000e+03 -3.284499999999999886e+01
3.339058420951572792e-01 8.692259903238231944e-01 5.705836757233948564e-01 7.246628179634858613e-01 8.850234258027610268e-02 3.420283160110568765e-01 6.376748342800485636e-01 1.230566942280022086e-01 7.238437915783949572e-01 9.479539328893965555e-01 5.584629054454868236e-01 4.128764899976202218e-01 4.032367873035138106e-01 2.667361669364349819e-01 4.472668949536806049e-01 6.314668871152125940e-01 9.130760233883454813e-01 4.482933524929355595e-01 9.406386862146833006e-02 8.950623908620548574e-01 7.676610516236494035e-03 7.036990984962069318e-01 9.837594848641051382e-01 3.258803431726211008e-01 8.851731420109862913e-01 8.014142537266276678e-01 7.341081617688298699e-01 3.547227537607257619e-01 2.122256970984313373e-01 4.765223673692907114e-01 1.410288506285675425e-01 8.837516503470774776e-01 1.024000000000000000e+03 -3.421999999999999886e+01
2.165645970845366530e-01 1.088432088665702568e-01 9.730902280033423279e-01 7.189641187041968529e-01 7.383324488723175261e-01 7.962324768027670974e-01 7.275396016446851188e-01 2.379008430727371989e-02 3.350015970045858854e-02 2.576705220224622117e-01 6.636209861914666996e-01 9.218150156505464654e-01 3.203499431005289999e-01 8.239086863117415227e-01 6.554180975243213414e-01 9.283011088691842660e-01 4.219520716445648856e-01 8.366042626727696607e-01 4.110168305246485465e-01 7.163766456329998533e-01 7.499291275313110239e-01 1.841045228316454674e-01 7.423771037628501546e-01 7.184178341687290636e-01 2.359664674881425950e-02 3.150101748001680191e-01 6.850166296952100442e-01 6.244197799178947683e-01 6.821285808355085356e-01 2.914479426887882085e-01 2.989876424504064323e-01 8.670289350650293159e-01 1.024000000000000000e+03 -3.524000000000000199e+01
6.204141686062184524e-01 6.382007416148541279e-02 6.656218353560152678e-01 1.012313196670965032e-01 9.076207591804618113e-01 8.583192223328499626e-01 6.562838398476265045e-01 1.039411286360363007e-02 9.923090234915661334e-01 7.985354186625954753e-01 5.935884247216365317e-01 9.505632413136571035e-01 2.136895296517271337e-01 6.967535570460402505e-01 7.477150337517078915e-01 2.380646887986067328e-01 7.556996667308109317e-02 3.001273924942105542e-01 3.602871209756898785e-01 3.241664926444013384e-01 8.839390180022119736e-01 7.485573275007744165e-01 1.903287548699323928e-01 3.697516212360945631e-01 4.955085685233222015e-01 6.084128238861535865e-01 5.796486891942328468e-01 9.655048353977258024e-01 3.353713419639069437e-01 1.605819759231549848e-01 4.267145113199674600e-01 8.035924569687452612e-02 1.024000000000000000e+03 -3.491499999999999915e+01
6.067486068336142013e-01 2.459695192785833207e-01 2.194953138025858008e-01 2.193224310759793183e-01 6.267228311571892974e-01 3.664350489272648614e-01 1.243296167884743592e-01 1.841607870836682592e-01 5.670351017581913844e-01 6.997020623250817251e-02 5.325502819344305472e-01 9.346499288600171873e-01 8.924976703824477609e-01 1.498854182650385669e-01 8.865087731831892137e-01 7.162537262295282092e-01 1.809849448511639536e-01 3.386554886304384282e-01 2.668171266588583168e-01 1.014882553734476889e-01 4.750350943283873084e-01 7.662701745010071230e-02 3.354661874227030660e-01 6.813156221691502035e-02 8.214017998136846632e-01 4.461921868943182212e-01 3.679200588725864418e-01 1.268144328675609167e-01 1.389956381022823366e-02 5.464449017069644698e-01 1.159826890235171604e-02 8.280022088475852415e-01 1.024000000000000000e+03 -3.460999999999999943e+01
8.733372113310479135e-01 6.894517518780330922e-01 7.009510801783871425e-01 2.928254520332750077e-02 1.055055853697513604e-02 2.305507922165258572e-01 2.347281885602474916e-01 3.852966972627305808e-01 8.155134741790490693e-01 9.397304752053300403e-01 4.540778130675264812e-01 7.845857663895493550e-01 8.534001779329453141e-01 4.322452694603474144e-01 5.929568075991108467e-01 9.878176581424703562e-01 2.270113433828012672e-01 9.801433529925206445e-01 1.944118599132164948e-01 8.893403123037485480e-01 3.914056699775736448e-01 9.328573728437115076e-01 3.208910006161367900e-01 1.709198507599249128e-01 1.293069551040319509e-01 8.847071714111387486e-01 8.957988122493047989e-01 8.416398426082259965e-01 7.821466399792628144e-01 5.975085514851269375e-01 9.392741751810492756e-01 6.317884302205222236e-01 1.024000000000000000e+03 -3.403999999999999915e+01
0.000000000000000000e+00 0.000000000000000000e+00 1.000000000000000000e+00 0.000000000000000000e+00 0.000000000000000000e+00 0.000000000000000000e+00 1.000000000000000000e+00 0.000000000000000000e+00 0.000000000000000000e+00 1.000000000000000000e+00 0.000000000000000000e+00 1.000000000000000000e+00 0.000000000000000000e+00 1.000000000000000000e+00 0.000000000000000000e+00 1.000000000000000000e+00 1.000000000000000000e+00 0.000000000000000000e+00 1.000000000000000000e+00 1.000000000000000000e+00 1.000000000000000000e+00 9.016227453630146771e-01 3.505080635384487386e-02 0.000000000000000000e+00 0.000000000000000000e+00 1.000000000000000000e+00 9.100153731383882061e-01 2.421638909502019932e-01 0.000000000000000000e+00 1.000000000000000000e+00 0.000000000000000000e+00 9.899554087868961405e-01 1.024000000000000000e+03 -3.926999999999999602e+01
7.462242421039629037e-02 0.000000000000000000e+00 8.888017375037942092e-01 0.000000000000000000e+00 1.042590579921599802e-06 0.000000000000000000e+00 1.000000000000000000e+00 0.000000000000000000e+00 0.000000000000000000e+00 4.421438085254026928e-01 0.000000000000000000e+00 7.406337503610694872e-01 0.000000000000000000e+00 7.075182275549550814e-01 0.000000000000000000e+00 1.839916555175213353e-01 1.000000000000000000e+00 0.000000000000000000e+00 4.527163567699152985e-02 7.088557978070432197e-01 1.000000000000000000e+00 3.623497032005926766e-01 1.107269693451348874e-01 3.873393016850517484e-02 0.000000000000000000e+00 4.342818483730730150e-02 1.000000000000000000e+00 1.000000000000000000e+00 0.000000000000000000e+00 1.000000000000000000e+00 0.000000000000000000e+00 0.000000000000000000e+00 1.024000000000000000e+03 -3.703000000000000114e+01
0.000000000000000000e+00 0.000000000000000000e+00 5.434536901379413143e-01 0.000000000000000000e+00 0.000000000000000000e+00 0.000000000000000000e+00 6.967157812773870917e-01 0.000000000000000000e+00 0.000000000000000000e+00 1.000000000000000000e+00 0.000000000000000000e+00 1.000000000000000000e+00 0.000000000000000000e+00 9.093017722217117127e-01 0.000000000000000000e+00 1.000000000000000000e+00 1.000000000000000000e+00 0.000000000000000000e+00 1.000000000000000000e+00 1.000000000000000000e+00 7.186098193362028264e-01 1.000000000000000000e+00 0.000000000000000000e+00 0.000000000000000000e+00 4.140424809189405773e-03 1.000000000000000000e+00 1.000000000000000000e+00 0.000000000000000000e+00 0.000000000000000000e+00 7.645674960928355857e-01 0.000000000000000000e+00 1.000000000000000000e+00 1.024000000000000000e+03 -3.871500000000000341e+01
0.000000000000000000e+00 0.000000000000000000e+00 5.756202790713969009e-01 0.000000000000000000e+00 0.000000000000000000e+00 0.000000000000000000e+00 1.107300742871367288e-01 0.000000000000000000e+00 0.000000000000000000e+00 1.628301701827121473e-02 0.000000000000000000e+00 9.456691934230665453e-01 0.000000000000000000e+00 0.000000000000000000e+00 0.000000000000000000e+00 6.171617524444538150e-01 0.000000000000000000e+00 0.000000000000000000e+00 7.181756684664222234e-01 6.366626798821914401e-02 0.000000000000000000e+00 0.000000000000000000e+00 0.000000000000000000e+00 0.000000000000000000e+00 0.000000000000000000e+00 2.394527162556522090e-03 0.000000000000000000e+00 0.000000000000000000e+00 0.000000000000000000e+00 6.797416182666019546e-01 0.000000000000000000e+00 7.043199026618149512e-03 1.024000000000000000e+03 -3.409499999999999886e+01
0.000000000000000000e+00 0.000000000000000000e+00 9.896530157494882740e-01 1.113651843074304733e-07 1.778531777719876139e-01 0.000000000000000000e+00 1.000000000000000000e+00 0.000000000000000000e+00 0.000000000000000000e+00 7.588456498792776062e-01 0.000000000000000000e+00 5.207353249053822131e-01 0.000000000000000000e+00 2.974756565406634152e-17 0.000000000000000000e+00 2.357219888089517601e-01 5.585275854461128064e-01 0.000000000000000000e+00 1.000000000000000000e+00 1.000000000000000000e+00 4.648461608613238538e-01 7.271312963664315621e-02 6.110816267402607903e-04 0.000000000000000000e+00 0.000000000000000000e+00 9.246865518047384658e-01 2.566908721956024930e-01 1.650446420865772923e-01 1.772634614263807066e-05 5.309393200025367549e-02 5.105076893892110945e-01 1.000000000000000000e+00 1.024000000000000000e+03 -3.686499999999999488e+01
0.000000000000000000e+00 0.000000000000000000e+00 6.908877996077086303e-01 0.000000000000000000e+00 1.221459797500095978e-01 0.000000000000000000e+00 6.130346543847342566e-01 1.929251734022872089e-01 0.000000000000000000e+00 1.000000000000000000e+00 0.000000000000000000e+00 1.000000000000000000e+00 0.000000000000000000e+00 1.843227960570225643e-01 0.000000000000000000e+00 0.000000000000000000e+00 3.408736236895584248e-01 0.000000000000000000e+00 7.414182396435292643e-01 0.000000000000000000e+00 1.000000000000000000e+00 7.036716591147818001e-01 0.000000000000000000e+00 0.000000000000000000e+00 2.950399935788337036e-01 0.000000000000000000e+00 1.000000000000000000e+00 0.000000000000000000e+00 0.000000000000000000e+00 4.016664570640149368e-01 0.000000000000000000e+00 7.474059231455303376e-01 1.024000000000000000e+03 -3.640999999999999659e+01
0.000000000000000000e+00 0.000000000000000000e+00 1.000000000000000000e+00 0.000000000000000000e+00 0.000000000000000000e+00 1.447199803977726289e-02 4.744339884605633384e-01 2.557621941465422055e-03 0.000000000000000000e+00 1.717733618076907817e-02 8.038780771358725898e-05 0.000000000000000000e+00 0.000000000000000000e+00 9.858656335005089311e-01 0.000000000000000000e+00 1.000000000000000000e+00 9.999133498540919707e-01 0.000000000000000000e+00 9.773747305350426462e-01 7.273507783838246699e-01 8.494461649796822833e-01 7.341398298499700603e-01 0.000000000000000000e+00 0.000000000000000000e+00 0.000000000000000000e+00 9.228720015717633007e-01 6.487833543771338585e-01 1.295107688589295335e-02 0.000000000000000000e+00 5.691145188699548996e-01 0.000000000000000000e+00 1.000000000000000000e+00 1.024000000000000000e+03 -3.704500000000000171e+01
0.000000000000000000e+00 0.000000000000000000e+00 1.000000000000000000e+00 0.000000000000000000e+00 0.000000000000000000e+00 0.000000000000000000e+00 6.972707280795303886e-01 1.640659919137827105e-01 0.000000000000000000e+00 2.272680874586677224e-01 1.711286226207642258e-01 1.937494441231737887e-03 0.000000000000000000e+00 7.653248598325276264e-01 0.000000000000000000e+00 9.188948342555158799e-01 2.624185036323531950e-01 0.000000000000000000e+00 1.007956909322162663e-03 9.588086944872646900e-01 0.000000000000000000e+00 9.995127934354122168e-01 0.000000000000000000e+00 4.430469441320933899e-01 0.000000000000000000e+00 0.000000000000000000e+00 2.163808709593571453e-02 0.000000000000000000e+00 7.680588270219891323e-01 8.835658124570987537e-01 0.000000000000000000e+00 1.971402864813322995e-09 1.024000000000000000e+03 -3.503500000000000369e+01
0.000000000000000000e+00 0.000000000000000000e+00 5.396217609215768762e-01 2.378043297181360594e-01 0.000000000000000000e+00 0.000000000000000000e+00 9.911834769976590742e-01 0.000000000000000000e+00 0.000000000000000000e+00 1.000000000000000000e+00 0.000000000000000000e+00 2.848778573268759828e-01 0.000000000000000000e+00 1.727704722258505410e-01 0.000000000000000000e+00 4.436937301178268123e-01 9.025259082867604921e-01 0.000000000000000000e+00 5.907458333729177502e-01 5.252923878926565870e-02 1.000000000000000000e+00 0.000000000000000000e+00 0.000000000000000000e+00 0.000000000000000000e+00 0.000000000000000000e+00 7.043597716335548986e-01 7.823959010407939285e-01 0.000000000000000000e+00 0.000000000000000000e+00 0.000000000000000000e+00 5.190657985609425928e-02 0.000000000000000000e+00 1.024000000000000000e+03 -3.585000000000000142e+01
0.000000000000000000e+00 6.773143600285831952e-11 8.705551894139842983e-02 0.000000000000000000e+00 0.000000000000000000e+00 0.000000000000000000e+00 3.844249587134875544e-03 0.000000000000000000e+00 0.000000000000000000e+00 8.754637106496808707e-01 0.000000000000000000e+00 8.187022705371305165e-01 0.000000000000000000e+00 0.000000000000000000e+00 2.357653878431913771e-04 9.942116037468125000e-01 5.640128672609336924e-01 0.000000000000000000e+00 1.000000000000000000e+00 3.197654283701643063e-01 3.093234588875167779e-01 6.028404440929002739e-01 0.000000000000000000e+00 0.000000000000000000e+00 3.215970346587882639e-02 9.999996628387934905e-01 8.266294411726581304e-01 0.000000000000000000e+00 5.738619194688704866e-07 2.053447953369689771e-01 7.946029678235472899e-05 9.999330535884659588e-01 1.024000000000000000e+03 -3.485500000000000398e+01
1.119290637286191568e-02 4.652502060141094778e-04 2.178909190957335155e-03 8.554253502006566034e-02 0.000000000000000000e+00 3.195896445773866584e-02 6.039152523678756879e-01 0.000000000000000000e+00 7.853922666379719096e-07 0.000000000000000000e+00 2.064385675059237160e-02 1.453974888102984864e-01 2.160230508848098169e-02 8.997066336128208830e-01 6.369800496993478778e-02 8.894806198899652960e-01 5.562363902641163094e-01 1.131141335838727335e-01 4.608580085175427721e-01 6.701007700391528599e-02 8.614079627104220815e-01 2.226274689962718777e-03 1.787929506124449159e-03 0.000000000000000000e+00 2.429218213185380462e-02 1.000000000000000000e+00 9.836690388622822134e-02 7.099952617542862887e-01 1.728827570306547615e-02 3.693405589703936953e-01 3.313542263006492156e-02 1.870821186752532617e-01 1.024000000000000000e+03 -3.700999999999999801e+01
0.000000000000000000e+00 0.000000000000000000e+00 1.244207804320124622e-01 0.000000000000000000e+00 5.497448691055865089e-01 1.068590101141239507e-01 0.000000000000000000e+00 0.000000000000000000e+00 4.196164971889872197e-02 1.000000000000000000e+00 9.232286565622789265e-01 1.269104817134556196e-01 0.000000000000000000e+00 1.000000000000000000e+00 4.044246766405169835e-03 4.617130568117178840e-02 1.810283192186128154e-02 0.000000000000000000e+00 3.246095026652322940e-02 1.000000000000000000e+00 0.000000000000000000e+00 0.000000000000000000e+00 0.000000000000000000e+00 0.000000000000000000e+00 0.000000000000000000e+00 0.000000000000000000e+00 0.000000000000000000e+00 0.000000000000000000e+00 0.000000000000000000e+00 0.000000000000000000e+00 0.000000000000000000e+00 9.379109634780993243e-01 1.024000000000000000e+03 -3.188000000000000256e+01
0.000000000000000000e+00 8.082804583927626074e-02 9.285870047229339841e-01 0.000000000000000000e+00 0.000000000000000000e+00 0.000000000000000000e+00 1.000000000000000000e+00 0.000000000000000000e+00 0.000000000000000000e+00 6.908489636816270707e-01 0.000000000000000000e+00 1.000000000000000000e+00 0.000000000000000000e+00 9.998727515415902767e-01 0.000000000000000000e+00 1.593764719008771424e-01 0.000000000000000000e+00 0.000000000000000000e+00 7.600213964115452858e-02 6.113429570409152358e-01 9.121749620344389298e-01 5.413609649327028039e-01 0.000000000000000000e+00 0.000000000000000000e+00 0.000000000000000000e+00 6.226818002522879203e-01 0.000000000000000000e+00 4.250426349670723414e-01 0.000000000000000000e+00 2.825972900963465428e-01 2.199146529001698158e-01 4.920641811093061091e-01 1.024000000000000000e+03 -3.597999999999999687e+01
0.000000000000000000e+00 1.713675490925855027e-01 9.999620694878117444e-01 0.000000000000000000e+00 0.000000000000000000e+00 0.000000000000000000e+00 2.315842684114084726e-01 0.000000000000000000e+00 0.000000000000000000e+00 2.975228148429344133e-01 0.000000000000000000e+00 3.646223013164961475e-05 0.000000000000000000e+00 7.764057557672826571e-01 0.000000000000000000e+00 5.987282903621469199e-01 1.000000000000000000e+00 5.020987549070939082e-02 5.028416758861836700e-01 7.603177024928868821e-01 8.309128029845826990e-01 1.954011664067264453e-01 0.000000000000000000e+00 0.000000000000000000e+00 0.000000000000000000e+00 8.319584449654523484e-01 9.219484591624766967e-01 0.000000000000000000e+00 0.000000000000000000e+00 9.993898990130559712e-01 0.000000000000000000e+00 1.000000000000000000e+00 1.024000000000000000e+03 -3.739000000000000057e+01
4.380911813798655987e-04 9.696467813934416674e-03 9.815220175895690291e-01 0.000000000000000000e+00 0.000000000000000000e+00 6.129462516248633808e-01 9.220254863783089450e-01 8.554382717822981959e-05 2.729562296427263668e-01 1.705808090403873947e-02 0.000000000000000000e+00 2.859480330099736681e-04 0.000000000000000000e+00 0.000000000000000000e+00 0.000000000000000000e+00 0.000000000000000000e+00 8.309618633763650175e-01 0.000000000000000000e+00 1.010418499054900783e-02 9.642147917672666546e-01 4.723993067755998254e-01 8.745427550881792467e-01 0.000000000000000000e+00 7.523010588588600056e-01 0.000000000000000000e+00 3.254232935890345457e-01 5.909539827594163519e-01 2.936808318258504191e-01 0.000000000000000000e+00 3.722588076469956434e-03 1.256282696073570022e-02 2.471953282503152605e-01 1.024000000000000000e+03 -3.407999999999999829e+01
0.000000000000000000e+00 0.000000000000000000e+00 6.698974309717554698e-01 0.000000000000000000e+00 0.000000000000000000e+00 0.000000000000000000e+00 0.000000000000000000e+00 1.879380527163142800e-01 0.000000000000000000e+00 5.364517286185817996e-02 0.000000000000000000e+00 0.000000000000000000e+00 0.000000000000000000e+00 2.800372966481967651e-02 0.000000000000000000e+00 8.298406881659083079e-02 3.621910365573747237e-01 0.000000000000000000e+00 9.332551120831755753e-01 0.000000000000000000e+00 0.000000000000000000e+00 2.052649933155527573e-01 0.000000000000000000e+00 0.000000000000000000e+00 5.003489829367107067e-01 1.038540911522462321e-02 0.000000000000000000e+00 1.074773905216760972e-02 3.337767519622376975e-03 4.849608237030902935e-01 0.000000000000000000e+00 0.000000000000000000e+00 1.024000000000000000e+03 -3.335000000000000142e+01
0.000000000000000000e+00 0.000000000000000000e+00 5.490826409701529687e-02 1.136226545757002687e-02 0.000000000000000000e+00 0.000000000000000000e+00 9.661131579226930333e-01 0.000000000000000000e+00 0.000000000000000000e+00 9.649479992058730415e-01 0.000000000000000000e+00 3.298337510398324790e-01 0.000000000000000000e+00 1.273812295676134965e-01 2.113791558200931175e-01 1.000000000000000000e+00 3.505357102230131083e-01 0.000000000000000000e+00 8.612343986641021187e-01 9.643504390834393147e-01 3.866131030877677510e-01 2.261386946869208270e-01 4.767079798936270027e-03 1.248078008523200166e-01 0.000000000000000000e+00 8.935968039457170553e-01 7.561422412837031093e-01 1.162831493094941965e-01 1.973854984037334143e-02 1.000000000000000000e+00 0.000000000000000000e+00 4.534116412748757652e-01 1.024000000000000000e+03 -3.570000000000000284e+01
0.000000000000000000e+00 0.000000000000000000e+00 2.069254276674881501e-02 0.000000000000000000e+00 0.000000000000000000e+00 0.000000000000000000e+00 7.170977322184188263e-02 0.000000000000000000e+00 0.000000000000000000e+00 7.173425353954193673e-02 0.000000000000000000e+00 0.000000000000000000e+00 4.139331329800318179e-06 9.994314289864818512e-01 0.000000000000000000e+00 0.000000000000000000e+00 2.237481507138034537e-02 3.589244490150531042e-02 3.542447737577234662e-02 3.739223125583403945e-02 0.000000000000000000e+00 8.384484287562804505e-02 0.000000000000000000e+00 2.492542413519049926e-02 0.000000000000000000e+00 0.000000000000000000e+00 0.000000000000000000e+00 0.000000000000000000e+00 0.000000000000000000e+00 0.000000000000000000e+00 0.000000000000000000e+00 3.030978321014456134e-02 1.024000000000000000e+03 -3.543999999999999773e+01
1.290868682162439520e-03 6.379548216372908642e-02 8.010975666269492092e-04 0.000000000000000000e+00 1.823351325663187875e-02 0.000000000000000000e+00 4.444547961646042045e-01 0.000000000000000000e+00 0.000000000000000000e+00 1.000000000000000000e+00 5.836796302049862550e-02 0.000000000000000000e+00 0.000000000000000000e+00 7.661672427149422981e-01 0.000000000000000000e+00 2.723711215726917767e-01 0.000000000000000000e+00 0.000000000000000000e+00 2.459542833612082466e-02 0.000000000000000000e+00 8.839623786992454324e-01 4.045765320134205034e-02 0.000000000000000000e+00 5.024317466493132683e-02 0.000000000000000000e+00 0.000000000000000000e+00 3.486766150029388411e-04 0.000000000000000000e+00 0.000000000000000000e+00 4.841356671564197578e-01 0.000000000000000000e+00 2.047907632481322376e-02 1.024000000000000000e+03 -3.357000000000000028e+01
0.000000000000000000e+00 5.155406789694129133e-01 0.000000000000000000e+00 3.504599588112356640e-02 6.961345170217669853e-02 0.000000000000000000e+00 0.000000000000000000e+00 0.000000000000000000e+00 2.699787563699057036e-01 0.000000000000000000e+00 0.000000000000000000e+00 2.068720206531861616e-01 0.000000000000000000e+00 6.539160869192567338e-02 0.000000000000000000e+00 4.328052618545549790e-02 0.000000000000000000e+00 0.000000000000000000e+00 4.108313418254248006e-01 3.915899003316975491e-01 0.000000000000000000e+00 9.200793592829324963e-01 0.000000000000000000e+00 0.000000000000000000e+00 0.000000000000000000e+00 9.656849856690965517e-01 1.000000000000000000e+00 7.728557872719583610e-01 0.000000000000000000e+00 9.624725989826161676e-01 0.000000000000000000e+00 8.426525689263800745e-01 1.024000000000000000e+03 -3.221000000000000085e+01
0.000000000000000000e+00 0.000000000000000000e+00 0.000000000000000000e+00 0.000000000000000000e+00 0.000000000000000000e+00 0.000000000000000000e+00 0.000000000000000000e+00 0.000000000000000000e+00 0.000000000000000000e+00 3.287756387367287564e-02 0.000000000000000000e+00 1.998136353301217891e-03 2.508708594270375736e-01 2.558770884305393567e-01 0.000000000000000000e+00 0.000000000000000000e+00 8.647930834700010561e-01 0.000000000000000000e+00 1.612161642396512662e-01 0.000000000000000000e+00 0.000000000000000000e+00 0.000000000000000000e+00 0.000000000000000000e+00 0.000000000000000000e+00 0.000000000000000000e+00 0.000000000000000000e+00 0.000000000000000000e+00 0.000000000000000000e+00 0.000000000000000000e+00 0.000000000000000000e+00 0.000000000000000000e+00 0.000000000000000000e+00 1.024000000000000000e+03 -3.343999999999999773e+01
0.000000000000000000e+00 0.000000000000000000e+00 1.000000000000000000e+00 0.000000000000000000e+00 0.000000000000000000e+00 7.945676647982816143e-02 9.566931935166754775e-01 0.000000000000000000e+00 9.697763468536634013e-02 1.000000000000000000e+00 0.000000000000000000e+00 9.979200723699679365e-01 1.797600878484880982e-01 9.796780263216958717e-01 0.000000000000000000e+00 9.138026988190171007e-01 1.000000000000000000e+00 0.000000000000000000e+00 9.718529713570340789e-01 9.122715336881843662e-01 9.864470839123504753e-01 8.792276984823798047e-01 0.000000000000000000e+00 0.000000000000000000e+00 0.000000000000000000e+00 1.000000000000000000e+00 8.676516107732233918e-01 9.420328502625396894e-02 0.000000000000000000e+00 9.673103654506036708e-01 0.000000000000000000e+00 9.996803714564819199e-01 1.024000000000000000e+03 -3.921500000000000341e+01
0.000000000000000000e+00 0.000000000000000000e+00 3.625979630236992324e-01 3.572439567252148841e-08 0.000000000000000000e+00 0.000000000000000000e+00 2.904396021446279536e-02 9.904674345687427064e-03 0.000000000000000000e+00 0.000000000000000000e+00 2.209553961211657008e-02 4.133467963412429946e-01 1.571814203435204504e-01 1.761105710291251958e-01 9.840251800943264349e-02 5.239209183596591490e-01 2.956396780136446353e-03 0.000000000000000000e+00 3.935621839904072765e-03 7.266585779660865718e-01 5.776125804346637915e-01 8.578254117452492611e-03 7.910571007042118546e-03 0.000000000000000000e+00 0.000000000000000000e+00 3.469769741592920176e-01 5.939896242793862163e-02 0.000000000000000000e+00 0.000000000000000000e+00 1.000000000000000000e+00 0.000000000000000000e+00 9.997985080642343148e-01 1.024000000000000000e+03 -3.714499999999999602e+01
0.000000000000000000e+00 0.000000000000000000e+00 0.000000000000000000e+00 1.461925009577158541e-01 0.000000000000000000e+00 0.000000000000000000e+00 0.000000000000000000e+00 0.000000000000000000e+00 0.000000000000000000e+00 9.710610663195942682e-02 0.000000000000000000e+00 5.666479056109554463e-02 0.000000000000000000e+00 3.391891858039601526e-02 1.683549384792720760e-02 0.000000000000000000e+00 0.000000000000000000e+00 2.152457420702822422e-01 7.887226994930093271e-01 9.091993054361097171e-02 4.562317034163178991e-03 6.109797606169203865e-01 0.000000000000000000e+00 2.111105720435331179e-01 0.000000000000000000e+00 3.353605742641566634e-01 8.450419811191003383e-01 0.000000000000000000e+00 0.000000000000000000e+00 0.000000000000000000e+00 0.000000000000000000e+00 1.258828150265452195e-01 1.024000000000000000e+03 -3.309499999999999886e+01
0.000000000000000000e+00 2.001301486979875643e-01 6.094874044941842040e-02 0.000000000000000000e+00 0.000000000000000000e+00 0.000000000000000000e+00 3.988293267645429130e-01 0.000000000000000000e+00 0.000000000000000000e+00 9.646124740550598986e-01 0.000000000000000000e+00 5.952884016304159642e-01 0.000000000000000000e+00 0.000000000000000000e+00 0.000000000000000000e+00 0.000000000000000000e+00 0.000000000000000000e+00 0.000000000000000000e+00 9.717583369851481856e-02 1.000000000000000000e+00 0.000000000000000000e+00 2.305332331904903428e-02 0.000000000000000000e+00 0.000000000000000000e+00 0.000000000000000000e+00 6.430787812231369971e-01 1.472784469735980151e-01 9.887120050874202981e-01 0.000000000000000000e+00 1.827011066788550575e-01 1.685319912288272548e-01 1.218817754250834107e-01 1.024000000000000000e+03 -3.207999999999999829e+01
0.000000000000000000e+00 0.000000000000000000e+00 1.917128404620583593e-01 0.000000000000000000e+00 0.000000000000000000e+00 0.000000000000000000e+00 1.000000000000000000e+00 0.000000000000000000e+00 0.000000000000000000e+00 0.000000000000000000e+00 0.000000000000000000e+00 6.478010626984560816e-02 0.000000000000000000e+00 0.000000000000000000e+00 0.000000000000000000e+00 1.000000000000000000e+00 1.000000000000000000e+00 0.000000000000000000e+00 3.932337679752733184e-01 1.000000000000000000e+00 9.136114752304121955e-01 7.436312080367289967e-01 0.000000000000000000e+00 0.000000000000000000e+00 0.000000000000000000e+00 0.000000000000000000e+00 1.000000000000000000e+00 0.000000000000000000e+00 1.565404025979180158e-01 0.000000000000000000e+00 0.000000000000000000e+00 2.666509697811333523e-03 1.024000000000000000e+03 -3.487999999999999545e+01
0.000000000000000000e+00 0.000000000000000000e+00 6.646153546488673888e-03 0.000000000000000000e+00 1.474106983891489975e-01 0.000000000000000000e+00 0.000000000000000000e+00 0.000000000000000000e+00 0.000000000000000000e+00 1.000000000000000000e+00 0.000000000000000000e+00 0.000000000000000000e+00 0.000000000000000000e+00 0.000000000000000000e+00 0.000000000000000000e+00 5.780523924554804155e-02 1.107600708281326202e-03 0.000000000000000000e+00 0.000000000000000000e+00 0.000000000000000000e+00 1.000000000000000000e+00 0.000000000000000000e+00 3.256396804619979823e-01 5.456705677772859531e-01 0.000000000000000000e+00 7.547546597736833063e-02 1.000000000000000000e+00 1.940191041821842308e-02 0.000000000000000000e+00 0.000000000000000000e+00 2.744497913414605320e-02 8.733969180029299562e-01 1.024000000000000000e+03 -2.859999999999999787e+01
0.000000000000000000e+00 0.000000000000000000e+00 0.000000000000000000e+00 0.000000000000000000e+00 0.000000000000000000e+00 0.000000000000000000e+00 5.686532843442144297e-02 0.000000000000000000e+00 3.595530009442734348e-03 7.129954312876313205e-01 0.000000000000000000e+00 0.000000000000000000e+00 0.000000000000000000e+00 0.000000000000000000e+00 0.000000000000000000e+00 1.553411927334146514e-01 1.069651737482472768e-02 0.000000000000000000e+00 0.000000000000000000e+00 0.000000000000000000e+00 0.000000000000000000e+00 4.395234875182997547e-02 4.020739086625475106e-02 0.000000000000000000e+00 0.000000000000000000e+00 4.273736101334132398e-01 1.000000000000000000e+00 1.251371995113656732e-07 2.452226243123499863e-02 8.256217612685226026e-01 0.000000000000000000e+00 0.000000000000000000e+00 1.024000000000000000e+03 -3.029999999999999716e+01
5.587273167250167427e-02 0.000000000000000000e+00 9.864825280486557713e-01 0.000000000000000000e+00 0.000000000000000000e+00 0.000000000000000000e+00 4.173342531262412280e-01 2.364681610551558899e-01 0.000000000000000000e+00 6.097334230368689489e-02 0.000000000000000000e+00 4.081094902362577409e-03 3.700938238313479789e-01 1.588441795903493617e-02 0.000000000000000000e+00 7.007223207040425006e-02 6.919269410953683003e-03 0.000000000000000000e+00 0.000000000000000000e+00 0.000000000000000000e+00 1.170290222667075795e-02 8.264024373539482493e-01 0.000000000000000000e+00 0.000000000000000000e+00 0.000000000000000000e+00 5.291948229110323698e-01 4.521228740850785632e-01 0.000000000000000000e+00 0.000000000000000000e+00 6.478927260823443834e-01 0.000000000000000000e+00 1.000000000000000000e+00 1.024000000000000000e+03 -2.863499999999999801e+01
4.774692369684550093e-04 3.873233134290326208e-07 8.534120003824747780e-01 2.480194602009262879e-04 2.844211757345318321e-04 7.259109713313875766e-04 2.045374836982867262e-01 9.894665667121087527e-01 2.176526574739285624e-01 0.000000000000000000e+00 0.000000000000000000e+00 6.187004545612826423e-01 0.000000000000000000e+00 3.672132144431490830e-01 8.840188473968345383e-04 7.724245147953336943e-01 6.973994129851823764e-01 0.000000000000000000e+00 5.137946632276276793e-01 4.665068119687657000e-02 9.863450561186104526e-01 2.256157974585583925e-01 2.157998068744130041e-02 1.476559871373008259e-01 0.000000000000000000e+00 5.582962994745741675e-02 4.481211659680488929e-02 5.543991927532674335e-01 0.000000000000000000e+00 0.000000000000000000e+00 4.871281216044478189e-03 0.000000000000000000e+00 1.024000000000000000e+03 -3.720499999999999829e+01
0.000000000000000000e+00 0.000000000000000000e+00 8.517009811329338158e-05 0.000000000000000000e+00 0.000000000000000000e+00 0.000000000000000000e+00 3.302019651850356952e-01 0.000000000000000000e+00 0.000000000000000000e+00 0.000000000000000000e+00 0.000000000000000000e+00 7.190889921369406634e-01 0.000000000000000000e+00 2.797121506063027924e-02 0.000000000000000000e+00 1.000000000000000000e+00 5.993921263445717296e-01 0.000000000000000000e+00 0.000000000000000000e+00 9.464310380115803500e-01 2.424273897889398510e-01 0.000000000000000000e+00 3.674908158885023795e-03 0.000000000000000000e+00 0.000000000000000000e+00 0.000000000000000000e+00 3.457934868595352040e-01 0.000000000000000000e+00 0.000000000000000000e+00 5.309299183548183976e-01 0.000000000000000000e+00 2.884016185264916543e-01 1.024000000000000000e+03 -3.481499999999999773e+01
0.000000000000000000e+00 0.000000000000000000e+00 0.000000000000000000e+00 0.000000000000000000e+00 1.668802409902960804e-01 0.000000000000000000e+00 5.618822003145262922e-01 0.000000000000000000e+00 0.000000000000000000e+00 1.844095730314979920e-01 0.000000000000000000e+00 8.168899360517073438e-01 0.000000000000000000e+00 0.000000000000000000e+00 0.000000000000000000e+00 1.000000000000000000e+00 2.759132506441705924e-03 9.936786059516141689e-01 0.000000000000000000e+00 1.000000000000000000e+00 5.886517084013822426e-02 1.000000000000000000e+00 0.000000000000000000e+00 0.000000000000000000e+00 1.378892953657548110e-04 1.000000000000000000e+00 0.000000000000000000e+00 0.000000000000000000e+00 0.000000000000000000e+00 0.000000000000000000e+00 8.255002303458750523e-01 1.352262335244063252e-01 1.024000000000000000e+03 -3.341499999999999915e+01
1.861179101043445791e-02 0.000000000000000000e+00 2.967010612638916744e-01 0.000000000000000000e+00 0.000000000000000000e+00 0.000000000000000000e+00 9.213049930239001206e-01 0.000000000000000000e+00 0.000000000000000000e+00 6.675971393126515219e-01 0.000000000000000000e+00 0.000000000000000000e+00 1.527530082390478605e-01 1.000000000000000000e+00 0.000000000000000000e+00 5.025782708168582968e-02 2.562384672415349285e-01 0.000000000000000000e+00 7.083766340516948201e-01 0.000000000000000000e+00 5.618208034104679172e-01 0.000000000000000000e+00 0.000000000000000000e+00 0.000000000000000000e+00 0.000000000000000000e+00 9.086610610069860705e-01 1.410087567251975345e-04 1.233825327027616714e-01 0.000000000000000000e+00 4.834493728542054725e-01 0.000000000000000000e+00 1.000000000000000000e+00 1.024000000000000000e+03 -3.677499999999999858e+01
0.000000000000000000e+00 0.000000000000000000e+00 7.900564050592767673e-02 7.434750065890640691e-01 0.000000000000000000e+00 0.000000000000000000e+00 5.040065831346487446e-01 2.184877584333727585e-02 0.000000000000000000e+00 1.439313200222509283e-02 0.000000000000000000e+00 4.503548856979071036e-01 0.000000000000000000e+00 0.000000000000000000e+00 2.135547035314220091e-03 4.481344619730483481e-01 0.000000000000000000e+00 0.000000000000000000e+00 6.192585331270535898e-01 7.046421443509062188e-01 9.967218126686864244e-01 3.066362577859090000e-03 3.724562739182596914e-03 0.000000000000000000e+00 5.405147510762148277e-01 2.118096532016922329e-01 5.310705184799107137e-01 0.000000000000000000e+00 0.000000000000000000e+00 3.460743018129634474e-01 3.065999352386293286e-01 4.568295710799159526e-01 1.024000000000000000e+03 -3.464499999999999602e+01
0.000000000000000000e+00 5.384483211849938611e-02 6.409599623349295783e-01 1.676656470377535209e-03 0.000000000000000000e+00 0.000000000000000000e+00 2.530659744950528728e-02 0.000000000000000000e+00 1.232239776885433839e-02 9.600997016840316922e-01 0.000000000000000000e+00 0.000000000000000000e+00 0.000000000000000000e+00 0.000000000000000000e+00 0.000000000000000000e+00 6.926765436947890375e-01 1.134189035187752916e-02 0.000000000000000000e+00 1.000000000000000000e+00 4.871053451138132040e-01 0.000000000000000000e+00 1.000000000000000000e+00 2.994085474760306217e-02 0.000000000000000000e+00 0.000000000000000000e+00 0.000000000000000000e+00 8.934285406247057804e-01 0.000000000000000000e+00 0.000000000000000000e+00 0.000000000000000000e+00 0.000000000000000000e+00 0.000000000000000000e+00 1.024000000000000000e+03 -3.177499999999999858e+01
0.000000000000000000e+00 0.000000000000000000e+00 0.000000000000000000e+00 0.000000000000000000e+00 0.000000000000000000e+00 0.000000000000000000e+00 7.106840934216815953e-01 0.000000000000000000e+00 1.445879642293180362e-02 0.000000000000000000e+00 0.000000000000000000e+00 0.000000000000000000e+00 6.827171075116586496e-03 0.000000000000000000e+00 0.000000000000000000e+00 1.620555633218856983e-01 2.106645138445771281e-01 0.000000000000000000e+00 0.000000000000000000e+00 4.801353930603895203e-16 5.433397542519801116e-01 0.000000000000000000e+00 0.000000000000000000e+00 0.000000000000000000e+00 0.000000000000000000e+00 9.978628949989659658e-01 2.828147411914637144e-01 0.000000000000000000e+00 0.000000000000000000e+00 6.599755161975252860e-02 1.896482003483508996e-02 0.000000000000000000e+00 1.024000000000000000e+03 -3.032999999999999829e+01
0.000000000000000000e+00 0.000000000000000000e+00 7.255345936539501217e-01 0.000000000000000000e+00 1.056198348733397019e-01 0.000000000000000000e+00 5.474003652934236186e-01 0.000000000000000000e+00 0.000000000000000000e+00 0.000000000000000000e+00 0.000000000000000000e+00 0.000000000000000000e+00 0.000000000000000000e+00 1.000000000000000000e+00 0.000000000000000000e+00 3.003659648003322302e-01 4.526919278954653070e-01 0.000000000000000000e+00 0.000000000000000000e+00 4.681004826330099899e-02 9.902031692919337626e-05 1.205317446760830885e-01 0.000000000000000000e+00 0.000000000000000000e+00 0.000000000000000000e+00 0.000000000000000000e+00 0.000000000000000000e+00 0.000000000000000000e+00 0.000000000000000000e+00 1.310750119415134834e-02 0.000000000000000000e+00 8.910091781556451762e-01 1.024000000000000000e+03 -3.475500000000000256e+01
7.950314237479244595e-03 6.654162103852590514e-03 1.133462905816614019e-01 0.000000000000000000e+00 0.000000000000000000e+00 0.000000000000000000e+00 6.452486101579402167e-02 0.000000000000000000e+00 0.000000000000000000e+00 2.255458584643172532e-02 0.000000000000000000e+00 3.483856506769508199e-01 0.000000000000000000e+00 5.985772057714153216e-03 0.000000000000000000e+00 1.420160326220955803e-02 5.881529034014066903e-01 1.019613512433180103e-01 4.157175778715213599e-01 1.000000000000000000e+00 2.383224023721479679e-01 4.765173566082206436e-03 0.000000000000000000e+00 0.000000000000000000e+00 0.000000000000000000e+00 1.674196917701095133e-01 4.058361948962417864e-01 0.000000000000000000e+00 1.721327474233265986e-01 4.916525070585743840e-01 0.000000000000000000e+00 3.092902516004389368e-01 1.024000000000000000e+03 -3.565500000000000114e+01
0.000000000000000000e+00 0.000000000000000000e+00 5.684837926168789801e-01 0.000000000000000000e+00 0.000000000000000000e+00 0.000000000000000000e+00 1.000000000000000000e+00 0.000000000000000000e+00 0.000000000000000000e+00 2.359949709409893959e-01 0.000000000000000000e+00 9.999962454514833565e-01 0.000000000000000000e+00 2.850325779131415160e-01 0.000000000000000000e+00 1.195663610353723538e-01 1.000000000000000000e+00 0.000000000000000000e+00 1.000000000000000000e+00 8.340929153789590211e-01 0.000000000000000000e+00 7.957207688391928491e-01 0.000000000000000000e+00 0.000000000000000000e+00 0.000000000000000000e+00 9.588674053983538004e-01 0.000000000000000000e+00 0.000000000000000000e+00 0.000000000000000000e+00 8.654050865536146164e-02 0.000000000000000000e+00 6.502445627470488931e-01 1.024000000000000000e+03 -3.670999999999999375e+01
0.000000000000000000e+00 0.000000000000000000e+00 0.000000000000000000e+00 0.000000000000000000e+00 0.000000000000000000e+00 0.000000000000000000e+00 5.471142785971707008e-03 2.477521309241004915e-02 0.000000000000000000e+00 4.984734302232153580e-02 0.000000000000000000e+00 5.349790233814342155e-01 4.334664103478986230e-01 0.000000000000000000e+00 0.000000000000000000e+00 0.000000000000000000e+00 2.758827245804436334e-02 0.000000000000000000e+00 0.000000000000000000e+00 4.226876613021999241e-01 1.000000000000000000e+00 0.000000000000000000e+00 0.000000000000000000e+00 0.000000000000000000e+00 0.000000000000000000e+00 0.000000000000000000e+00 3.119742803757585446e-04 0.000000000000000000e+00 0.000000000000000000e+00 6.564881593724587461e-01 0.000000000000000000e+00 1.837083755632515913e-01 1.024000000000000000e+03 -3.351999999999999602e+01
0.000000000000000000e+00 0.000000000000000000e+00 5.341683988643985970e-02 0.000000000000000000e+00 0.000000000000000000e+00 0.000000000000000000e+00 0.000000000000000000e+00 0.000000000000000000e+00 0.000000000000000000e+00 1.593824058233887786e-01 0.000000000000000000e+00 1.753568708244868379e-01 0.000000000000000000e+00 2.404411868450597456e-01 0.000000000000000000e+00 2.053821609253472444e-02 4.037827755565809307e-01 0.000000000000000000e+00 5.814604144212744963e-01 0.000000000000000000e+00 0.000000000000000000e+00 1.000000000000000000e+00 0.000000000000000000e+00 0.000000000000000000e+00 4.149255182335872538e-01 0.000000000000000000e+00 0.000000000000000000e+00 4.770824324502532798e-01 0.000000000000000000e+00 0.000000000000000000e+00 0.000000000000000000e+00 9.425065488292648785e-01 1.024000000000000000e+03 -3.629500000000000171e+01
0.000000000000000000e+00 0.000000000000000000e+00 1.736568558115288499e-02 0.000000000000000000e+00 0.000000000000000000e+00 0.000000000000000000e+00 7.767544170762550326e-01 0.000000000000000000e+00 0.000000000000000000e+00 0.000000000000000000e+00 0.000000000000000000e+00 6.477680824186101674e-05 0.000000000000000000e+00 0.000000000000000000e+00 0.000000000000000000e+00 4.591666674774370627e-01 2.644021510403309905e-01 0.000000000000000000e+00 0.000000000000000000e+00 0.000000000000000000e+00 3.300268158495132942e-02 2.069271225519828394e-01 0.000000000000000000e+00 0.000000000000000000e+00 0.000000000000000000e+00 3.048444888947915367e-04 1.427714836307650004e-01 0.000000000000000000e+00 0.000000000000000000e+00 0.000000000000000000e+00 0.000000000000000000e+00 7.621727148493848691e-01 1.024000000000000000e+03 -3.345000000000000284e+01
0.000000000000000000e+00 0.000000000000000000e+00 9.838698892956253272e-02 0.000000000000000000e+00 9.131266430534809575e-02 9.997844505280490957e-01 3.210471383153611080e-02 0.000000000000000000e+00 1.461256437090189912e-04 0.000000000000000000e+00 2.183199148456900832e-05 4.329760828570147768e-01 0.000000000000000000e+00 9.285856956229820991e-02 0.000000000000000000e+00 2.835851955605478425e-01 0.000000000000000000e+00 0.000000000000000000e+00 5.657348311101076943e-01 9.829433076656718393e-01 6.371086889827524136e-01 8.540637511526713022e-01 0.000000000000000000e+00 0.000000000000000000e+00 0.000000000000000000e+00 3.568509432981686325e-01 0.000000000000000000e+00 7.948800725677946932e-01 0.000000000000000000e+00 1.599041500314256070e-01 0.000000000000000000e+00 0.000000000000000000e+00 1.024000000000000000e+03 -3.375499999999999545e+01
0.000000000000000000e+00 0.000000000000000000e+00 2.230044613210064794e-03 0.000000000000000000e+00 0.000000000000000000e+00 0.000000000000000000e+00 2.182770660387297799e-04 4.369625305392984410e-02 0.000000000000000000e+00 1.046684582993352795e-03 7.135480619723227197e-05 9.031091166687402749e-01 0.000000000000000000e+00 4.350650525046896311e-01 0.000000000000000000e+00 4.888853015309718719e-01 0.000000000000000000e+00 0.000000000000000000e+00 1.852557422469525844e-02 0.000000000000000000e+00 0.000000000000000000e+00 1.711965328448499801e-01 4.113828572906479131e-03 0.000000000000000000e+00 8.452937797809675358e-01 0.000000000000000000e+00 1.000000000000000000e+00 3.166624201063616972e-01 0.000000000000000000e+00 7.026903010458053211e-01 0.000000000000000000e+00 1.506393932386802248e-01 1.024000000000000000e+03 -3.294500000000000028e+01
3.582283489853387293e-01 0.000000000000000000e+00 0.000000000000000000e+00 0.000000000000000000e+00 0.000000000000000000e+00 0.000000000000000000e+00 0.000000000000000000e+00 0.000000000000000000e+00 0.000000000000000000e+00 7.327532968642233580e-02 0.000000000000000000e+00 7.784533034915377403e-01 0.000000000000000000e+00 3.412795087899734311e-06 4.377731113678950264e-02 0.000000000000000000e+00 0.000000000000000000e+00 0.000000000000000000e+00 0.000000000000000000e+00 5.782912774860889948e-01 3.413761070387773267e-02 0.000000000000000000e+00 0.000000000000000000e+00 9.775833173832863821e-02 0.000000000000000000e+00 0.000000000000000000e+00 0.000000000000000000e+00 0.000000000000000000e+00 0.000000000000000000e+00 0.000000000000000000e+00 0.000000000000000000e+00 4.097542985043338415e-02 1.024000000000000000e+03 -3.162999999999999901e+01
0.000000000000000000e+00 0.000000000000000000e+00 4.224289576739514440e-01 0.000000000000000000e+00 0.000000000000000000e+00 0.000000000000000000e+00 3.177034259882273171e-01 9.726534685691338999e-02 0.000000000000000000e+00 1.000000000000000000e+00 0.000000000000000000e+00 0.000000000000000000e+00 0.000000000000000000e+00 5.581530219190381642e-02 2.082030652262754633e-01 3.257264229351716223e-01 1.000000000000000000e+00 0.000000000000000000e+00 0.000000000000000000e+00 0.000000000000000000e+00 0.000000000000000000e+00 0.000000000000000000e+00 0.000000000000000000e+00 0.000000000000000000e+00 0.000000000000000000e+00 1.000000000000000000e+00 5.349239043150456722e-04 0.000000000000000000e+00 0.000000000000000000e+00 3.104593666253392323e-02 9.872123199610083680e-03 0.000000000000000000e+00 1.024000000000000000e+03 -3.111499999999999844e+01
0.000000000000000000e+00 0.000000000000000000e+00 0.000000000000000000e+00 0.000000000000000000e+00 0.000000000000000000e+00 6.092509163495310465e-03 0.000000000000000000e+00 0.000000000000000000e+00 0.000000000000000000e+00 2.478272876632972056e-04 6.460540530488180500e-02 0.000000000000000000e+00 9.338135037743869674e-03 0.000000000000000000e+00 0.000000000000000000e+00 5.052864321249105062e-02 0.000000000000000000e+00 0.000000000000000000e+00 0.000000000000000000e+00 0.000000000000000000e+00 7.293884992281258750e-01 0.000000000000000000e+00 0.000000000000000000e+00 9.879561990897615109e-01 0.000000000000000000e+00 2.051623074526720894e-02 0.000000000000000000e+00 0.000000000000000000e+00 6.932280112060233354e-03 0.000000000000000000e+00 0.000000000000000000e+00 3.154403229400961628e-01 1.024000000000000000e+03 -3.164999999999999858e+01
0.000000000000000000e+00 0.000000000000000000e+00 1.938495258580269151e-02 0.000000000000000000e+00 0.000000000000000000e+00 0.000000000000000000e+00 0.000000000000000000e+00 7.570619987641862177e-03 0.000000000000000000e+00 9.231706463283421505e-04 7.506833431321464911e-02 0.000000000000000000e+00 0.000000000000000000e+00 3.355881751887511144e-01 0.000000000000000000e+00 3.038205537872907258e-01 9.800560053115843218e-01 0.000000000000000000e+00 7.662276138017907190e-01 5.573092009733874273e-04 0.000000000000000000e+00 0.000000000000000000e+00 3.289774887640489198e-01 0.000000000000000000e+00 0.000000000000000000e+00 6.789798599038713300e-01 3.888212419028837610e-04 0.000000000000000000e+00 0.000000000000000000e+00 0.000000000000000000e+00 0.000000000000000000e+00 1.198726664680042214e-02 1.024000000000000000e+03 -3.450000000000000000e+01
1.476066401402620874e-02 3.049115215871821455e-07 0.000000000000000000e+00 0.000000000000000000e+00 4.258047438533749673e-01 0.000000000000000000e+00 1.726520353323413304e-01 0.000000000000000000e+00 0.000000000000000000e+00 3.724763145981919155e-01 0.000000000000000000e+00 1.267806030378064788e-02 0.000000000000000000e+00 9.197771409779951224e-01 0.000000000000000000e+00 0.000000000000000000e+00 0.000000000000000000e+00 2.551913809009447379e-03 9.490161824881120367e-01 0.000000000000000000e+00 0.000000000000000000e+00 4.990241813263830428e-01 0.000000000000000000e+00 0.000000000000000000e+00 0.000000000000000000e+00 3.604466458796013462e-01 8.481147095805035008e-01 9.919354754088800519e-01 0.000000000000000000e+00 0.000000000000000000e+00 0.000000000000000000e+00 9.794982787406985025e-01 1.024000000000000000e+03 -3.344500000000000028e+01
0.000000000000000000e+00 0.000000000000000000e+00 4.309785176744719837e-01 1.188158193443283016e-02 5.080555518850738957e-05 0.000000000000000000e+00 1.000000000000000000e+00 0.000000000000000000e+00 0.000000000000000000e+00 8.189854831578465832e-01 0.000000000000000000e+00 0.000000000000000000e+00 0.000000000000000000e+00 4.448056548742473915e-01 0.000000000000000000e+00 3.551947524043921889e-01 1.403167705064805888e-04 0.000000000000000000e+00 9.995219949346049182e-01 8.254472283655996945e-01 3.810008362200448806e-01 0.000000000000000000e+00 0.000000000000000000e+00 0.000000000000000000e+00 0.000000000000000000e+00 0.000000000000000000e+00 0.000000000000000000e+00 5.359991205473889631e-01 0.000000000000000000e+00 4.217392146171098366e-01 0.000000000000000000e+00 0.000000000000000000e+00 1.024000000000000000e+03 -3.576500000000000057e+01
4.291475562995098782e-03 0.000000000000000000e+00 0.000000000000000000e+00 0.000000000000000000e+00 0.000000000000000000e+00 0.000000000000000000e+00 1.896553362107490093e-01 0.000000000000000000e+00 0.000000000000000000e+00 3.886551727110719445e-02 0.000000000000000000e+00 0.000000000000000000e+00 0.000000000000000000e+00 7.673861206302232674e-01 2.111504934950134995e-06 3.967871726342479533e-01 9.431035611755852477e-01 0.000000000000000000e+00 1.864543642325974249e-01 0.000000000000000000e+00 4.591860922346659678e-03 3.966934966738493995e-01 0.000000000000000000e+00 0.000000000000000000e+00 0.000000000000000000e+00 0.000000000000000000e+00 1.932278743494651174e-01 2.817334065816319306e-03 0.000000000000000000e+00 1.738247340164739696e-01 0.000000000000000000e+00 8.461250281535428672e-03 1.024000000000000000e+03 -3.375499999999999545e+01
0.000000000000000000e+00 0.000000000000000000e+00 4.359692487049707244e-01 0.000000000000000000e+00 1.072906030920687814e-01 4.494334376022422403e-03 5.294034662137647729e-01 0.000000000000000000e+00 0.000000000000000000e+00 1.687858476837516501e-03 1.753342577851343574e-13 3.272934629399454343e-01 0.000000000000000000e+00 4.113763122118485049e-01 0.000000000000000000e+00 8.737074398596970104e-01 2.894784335226199476e-02 0.000000000000000000e+00 1.589125513459992145e-02 0.000000000000000000e+00 4.878640052188256554e-02 0.000000000000000000e+00 0.000000000000000000e+00 0.000000000000000000e+00 0.000000000000000000e+00 6.399240995489630102e-02 8.035357450678725089e-01 0.000000000000000000e+00 0.000000000000000000e+00 0.000000000000000000e+00 0.000000000000000000e+00 0.000000000000000000e+00 1.024000000000000000e+03 -3.466499999999999915e+01
0.000000000000000000e+00 1.149500855697609125e-02 4.248491536158507387e-01 9.730298484456027450e-03 0.000000000000000000e+00 0.000000000000000000e+00 7.846581968193233614e-02 0.000000000000000000e+00 0.000000000000000000e+00 3.632972162729816095e-07 0.000000000000000000e+00 9.610721741559212772e-01 2.407959704261904687e-08 2.460754642933174474e-01 0.000000000000000000e+00 4.910822803919877994e-02 4.338526580030494656e-02 0.000000000000000000e+00 6.190270067551702227e-02 1.652827026412294065e-01 3.730725422851638440e-01 5.884583828369077674e-01 0.000000000000000000e+00 3.466255939569951906e-03 0.000000000000000000e+00 0.000000000000000000e+00 0.000000000000000000e+00 9.035548475836769516e-08 0.000000000000000000e+00 0.000000000000000000e+00 0.000000000000000000e+00 7.457045750303755716e-01 1.024000000000000000e+03 -3.557999999999999829e+01
