1.000000000000000056e-01 1.000000000000000056e-01 1.000000000000000056e-01 1.000000000000000056e-01 1.000000000000000056e-01 1.000000000000000056e-01 1.000000000000000056e-01 1.000000000000000056e-01 1.000000000000000056e-01 1.000000000000000056e-01 1.000000000000000056e-01 1.000000000000000056e-01 1.000000000000000056e-01 1.000000000000000056e-01 1.000000000000000056e-01 1.000000000000000056e-01 1.000000000000000056e-01 1.000000000000000056e-01 1.000000000000000056e-01 1.000000000000000056e-01 1.000000000000000056e-01 1.000000000000000056e-01 1.000000000000000056e-01 1.000000000000000056e-01 1.000000000000000056e-01 1.000000000000000056e-01 1.000000000000000056e-01 1.000000000000000056e-01 1.000000000000000056e-01 1.000000000000000056e-01 1.000000000000000056e-01 1.000000000000000056e-01 6.400000000000000000e+01 -5.467999999999999972e+01
2.999999999999999889e-01 2.999999999999999889e-01 2.999999999999999889e-01 2.999999999999999889e-01 2.999999999999999889e-01 2.999999999999999889e-01 2.999999999999999889e-01 2.999999999999999889e-01 2.999999999999999889e-01 2.999999999999999889e-01 2.999999999999999889e-01 2.999999999999999889e-01 2.999999999999999889e-01 2.999999999999999889e-01 2.999999999999999889e-01 2.999999999999999889e-01 2.999999999999999889e-01 2.999999999999999889e-01 2.999999999999999889e-01 2.999999999999999889e-01 2.999999999999999889e-01 2.999999999999999889e-01 2.999999999999999889e-01 2.999999999999999889e-01 2.999999999999999889e-01 2.999999999999999889e-01 2.999999999999999889e-01 2.999999999999999889e-01 2.999999999999999889e-01 2.999999999999999889e-01 2.999999999999999889e-01 2.999999999999999889e-01 1.280000000000000000e+02 -5.594500000000000028e+01
5.000000000000000000e-01 5.000000000000000000e-01 5.000000000000000000e-01 5.000000000000000000e-01 5.000000000000000000e-01 5.000000000000000000e-01 5.000000000000000000e-01 5.000000000000000000e-01 5.000000000000000000e-01 5.000000000000000000e-01 5.000000000000000000e-01 5.000000000000000000e-01 5.000000000000000000e-01 5.000000000000000000e-01 5.000000000000000000e-01 5.000000000000000000e-01 5.000000000000000000e-01 5.000000000000000000e-01 5.000000000000000000e-01 5.000000000000000000e-01 5.000000000000000000e-01 5.000000000000000000e-01 5.000000000000000000e-01 5.000000000000000000e-01 5.000000000000000000e-01 5.000000000000000000e-01 5.000000000000000000e-01 5.000000000000000000e-01 5.000000000000000000e-01 5.000000000000000000e-01 5.000000000000000000e-01 5.000000000000000000e-01 2.560000000000000000e+02 -5.625000000000000000e+01
6.999999999999999556e-01 6.999999999999999556e-01 6.999999999999999556e-01 6.999999999999999556e-01 6.999999999999999556e-01 6.999999999999999556e-01 6.999999999999999556e-01 6.999999999999999556e-01 6.999999999999999556e-01 6.999999999999999556e-01 6.999999999999999556e-01 6.999999999999999556e-01 6.999999999999999556e-01 6.999999999999999556e-01 6.999999999999999556e-01 6.999999999999999556e-01 6.999999999999999556e-01 6.999999999999999556e-01 6.999999999999999556e-01 6.999999999999999556e-01 6.999999999999999556e-01 6.999999999999999556e-01 6.999999999999999556e-01 6.999999999999999556e-01 6.999999999999999556e-01 6.999999999999999556e-01 6.999999999999999556e-01 6.999999999999999556e-01 6.999999999999999556e-01 6.999999999999999556e-01 6.999999999999999556e-01 6.999999999999999556e-01 5.120000000000000000e+02 -5.733500000000000085e+01
9.000000000000000222e-01 9.000000000000000222e-01 9.000000000000000222e-01 9.000000000000000222e-01 9.000000000000000222e-01 9.000000000000000222e-01 9.000000000000000222e-01 9.000000000000000222e-01 9.000000000000000222e-01 9.000000000000000222e-01 9.000000000000000222e-01 9.000000000000000222e-01 9.000000000000000222e-01 9.000000000000000222e-01 9.000000000000000222e-01 9.000000000000000222e-01 9.000000000000000222e-01 9.000000000000000222e-01 9.000000000000000222e-01 9.000000000000000222e-01 9.000000000000000222e-01 9.000000000000000222e-01 9.000000000000000222e-01 9.000000000000000222e-01 9.000000000000000222e-01 9.000000000000000222e-01 9.000000000000000222e-01 9.000000000000000222e-01 9.000000000000000222e-01 9.000000000000000222e-01 9.000000000000000222e-01 9.000000000000000222e-01 1.024000000000000000e+03 -5.601999999999999602e+01
7.686050972423574823e-01 3.212919436671356488e-01 8.979656002224709610e-01 4.095048714828638525e-01 5.493704568205414196e-01 5.216151655897690587e-01 5.126814869183285994e-01 4.362086068224004243e-01 9.420342727166735042e-01 4.669316714067608398e-01 8.651641596742163376e-01 4.255609886579145296e-01 5.037519826183229910e-01 9.444316220715360810e-01 1.962372953415718324e-01 7.456935978815933952e-01 6.896792581738113714e-01 2.381058641277353505e-01 3.417253427412121902e-01 5.502520634390236642e-01 6.527883297295341558e-01 9.839809037262579050e-01 6.170648442802684208e-01 1.026632556174794791e-01 3.220698009445064347e-01 2.197667007743102363e-01 8.623972779306382508e-01 5.489493494954496289e-02 3.537942801865541220e-01 4.857314770318887365e-01 1.813556052576869027e-01 6.177788967696656863e-01 4.000000000000000000e+02 -5.733500000000000085e+01
2.703284786051112221e-01 8.398140613673299448e-01 3.804166684379436947e-01 5.912004995877651048e-01 2.992978798979247235e-01 1.100923432346924136e-01 6.897633032106373907e-01 3.149519265228283293e-01 5.522955762432861793e-01 2.526556975905617786e-01 1.256271796510284866e-01 3.207787142106374723e-01 1.596522130187749133e-01 3.036801437973356554e-01 5.162860369888929712e-01 3.415123901198447998e-01 7.069695549099723753e-01 3.884280532764672333e-01 8.081274560637887738e-01 8.911101831612305846e-01 4.303022778520373404e-01 1.160757316881410317e-01 2.033226887504471503e-01 2.399477573995456858e-01 1.278798420685594017e-01 4.309554134098099731e-01 5.796385057109075811e-01 3.429958129165224801e-01 9.684417955059339000e-01 1.149235531066641024e-02 6.451195672136701698e-02 6.438524816573790721e-01 2.860000000000000000e+02 -5.733500000000000085e+01
7.221007279456674866e-01 1.761609298550156355e-01 4.310759723519558273e-01 2.393420979790993053e-01 9.859698589311153283e-01 4.661604188221051270e-01 8.453781181639732356e-01 1.440580236980491813e-01 7.132290493372934748e-01 2.019393032558514448e-03 1.919648204524339319e-01 5.990015976310163470e-01 2.062875912071356066e-01 9.205586710055123634e-01 3.792509686272330094e-01 3.830209899987107591e-01 7.728897158887445551e-01 1.612484146114885608e-01 5.443774593398875705e-01 1.416690366301902315e-01 1.216022891460102895e-01 8.429137321033444361e-03 1.603988909675787555e-01 9.034102888898527528e-01 2.594139613882517348e-01 3.352631617443870282e-01 7.639502587132713796e-01 1.656834968979818690e-01 7.176580628981673593e-01 4.345363549097369660e-01 3.003135369589245984e-01 7.289283729864859396e-01 3.120000000000000000e+02 -5.733500000000000085e+01
3.932998553837455807e-02 3.002820457665087428e-01 4.792001860593906870e-01 8.347008297657585452e-01 5.023242625986024112e-01 7.977429717938540055e-01 8.649239808297604082e-01 8.024707633180259980e-02 6.825306996941126192e-01 5.558999931283180596e-01 2.844335726015059795e-01 8.852094078666671306e-01 6.110980379229358217e-01 7.712547329762754478e-01 1.302706560034471994e-01 6.731812390115035072e-01 9.245119927960002704e-01 8.366054124860624608e-01 9.844239055946594208e-01 2.754657781529595284e-01 9.681430409000971737e-01 7.188414759497352424e-02 3.316882648444647308e-01 5.262126606545873830e-01 1.931012630030443655e-01 1.618101181371520425e-01 3.783288532313896502e-01 6.651957583156984377e-01 3.123500775242792904e-01 3.477398369255390032e-01 7.641714612346146573e-01 7.880015456762229364e-01 4.240000000000000000e+02 -5.733500000000000085e+01
3.298635486375730563e-01 4.925992901803412649e-01 1.532008665614764398e-01 1.923422269852116395e-01 2.469794685581756521e-01 4.890726673736426888e-01 8.627204195798390263e-01 4.016205974686367641e-01 6.608480891139147939e-01 9.347773259306819682e-01 4.877338031473747448e-01 5.905182222102348666e-01 9.335569428019459270e-02 9.044197686844478445e-01 5.016371578123790531e-02 2.859763854652924153e-01 4.244099737528461147e-01 3.455924352008626910e-01 5.774075855522431411e-01 6.743918257754930590e-01 7.999944230766402598e-01 3.534521489500477842e-01 2.776120785841810767e-01 1.389102238629598418e-01 9.463047382490794579e-01 7.272678038661327671e-01 7.348054400022009380e-01 2.291687626281318779e-01 2.620670747124019262e-01 9.204413839576647272e-01 6.466591209773882021e-01 8.705591143598538917e-01 3.860000000000000000e+02 -5.601999999999999602e+01
2.232031970511157704e-01 4.072246414761345190e-01 9.832381212413660032e-01 2.136831692916769387e-01 7.416647672269195413e-01 5.446988997135713273e-01 1.134969038385260330e-02 5.965043708110483456e-01 6.745482032845997455e-01 2.343238588273875989e-01 1.621379462596057031e-01 1.289527368916584815e-01 7.443801058976465823e-01 5.261260012441867362e-01 6.555224472050517059e-01 1.166825933740437138e-01 6.737807762319226734e-01 9.309641700497982564e-01 1.260840107291545942e-01 6.814587707643324777e-01 8.361005459998174238e-01 2.813680462682434658e-01 8.850041841182546554e-01 9.589832114387408790e-01 9.151368669912827158e-01 9.083470526230401632e-01 5.743079049383000845e-01 6.246182424308044379e-01 1.840370808814129622e-01 1.813686737943034366e-01 6.215228074154688365e-01 3.630401240782855088e-01 4.260000000000000000e+02 -5.594500000000000028e+01
3.570497400049030268e-01 6.988026894818233012e-03 6.806184778440552696e-01 9.156175152231020853e-01 4.191795406978578858e-02 7.101290101169710489e-01 2.025609593928042462e-01 7.145253492772113413e-01 8.536762716653764071e-01 4.247769032136206047e-02 5.639015345143811864e-01 8.643533872412655361e-01 3.414542270726004247e-01 5.132063900270538159e-01 9.254511663879336214e-02 9.014303402372660090e-02 7.468582210446536584e-02 1.280365716241443630e-01 5.339185629644968012e-01 4.066706525069121447e-01 3.278770516344031161e-01 5.257100920693333901e-01 4.502510687609890816e-01 4.215791082765383835e-01 9.553059055782652242e-01 8.907984949512167683e-01 6.499714483168247958e-02 9.242374297331736877e-01 6.585490121794181917e-01 2.572986959342750124e-01 9.748566283851055614e-01 3.262246235425403929e-01 3.840000000000000000e+02 -5.594500000000000028e+01
8.272623470473702834e-02 3.714558422620360956e-01 3.923817648330540919e-01 7.214406735991774067e-01 7.160185394549227478e-02 6.423922577062894934e-01 4.683413987037864795e-02 6.116868628854741363e-01 9.972417719471139697e-02 8.552942278194902714e-01 7.749547081420836703e-01 3.847298268097036344e-01 3.211903333831785945e-01 5.647424154374508509e-01 2.534204837077333461e-01 6.553248708151773183e-01 1.265272818076537964e-01 8.140245903679372841e-01 6.804697583313100706e-01 5.171742325004654584e-01 1.048487597033372770e-01 6.720665321981531548e-01 2.706211414548464478e-01 8.947972362925485923e-01 2.193799029040500448e-01 3.165772604610990193e-01 3.469120042168816198e-01 1.806026468113864636e-01 7.029281816219137280e-01 2.456390487717022286e-01 7.243862844064595796e-01 8.724786409381871111e-02 3.120000000000000000e+02 -5.467999999999999972e+01
4.506934078039495084e-01 9.118017952611808807e-01 9.397137320172067598e-01 3.120609032989187237e-01 5.321949575932080068e-01 6.487973037791709974e-01 2.810444025865730944e-01 6.918854241824708984e-01 9.672496955413976139e-01 6.500306275395628663e-01 9.469275732369054621e-01 9.965477425146442858e-01 5.185358944477850285e-01 6.338209967858197125e-01 8.137697016382551274e-01 8.264499401273609491e-01 2.591623926973815051e-01 3.508927607707049839e-02 4.172015757109074352e-01 2.253110011939125912e-01 8.956141763703266978e-01 8.403548884674710839e-01 7.577034348332842839e-01 2.139472210278643705e-01 7.070024903824501106e-01 5.457698624527092951e-02 7.519169989379062558e-02 9.525886465162688443e-01 5.022231323514658730e-01 7.401509617877830571e-01 4.182219914632617774e-01 2.331491502340877209e-01 5.100000000000000000e+02 -5.594500000000000028e+01
4.287199219289669072e-01 6.629594448143498742e-01 8.613495855764559117e-01 6.264941410091385832e-01 5.752939134342431871e-01 2.365629237497559045e-01 6.696743373101284869e-01 8.513919428261661482e-01 1.637016979099948366e-01 3.660359044616477986e-01 9.170738156692271881e-01 3.530289835455063113e-02 7.612715429830375635e-01 7.584310756105476781e-01 4.239933250446186186e-01 6.983699782018052415e-01 1.371423157253359171e-01 6.982438293182736677e-01 9.868355256314756407e-03 1.944828430514851381e-01 6.829957669651800511e-01 6.491213155038761951e-01 2.955795130692130956e-01 7.625852660436615027e-01 8.310332421013787441e-01 1.805855371518296504e-01 5.075735592212983205e-01 1.925733432115762644e-01 6.007977141375302477e-01 3.795477152492652828e-01 2.069743677627597089e-01 2.016683496702052214e-01 3.740000000000000000e+02 -5.594500000000000028e+01
3.913511770092134023e-01 3.825033733964038757e-02 6.738708582109526057e-01 1.766621170251106709e-01 8.150349269710213118e-01 2.469873153903343055e-01 5.983623503140533817e-01 9.366842632114209533e-01 2.942428856767008438e-03 3.307652663379540003e-01 4.469858373641078519e-01 7.703545205353745651e-01 5.346387951089096591e-01 1.351396643548691441e-02 2.806646182994508298e-01 5.185336700228244666e-01 4.879304594547756446e-01 7.282734984547635237e-01 2.118400285298788210e-01 7.187949915267124457e-01 6.284346267817678688e-01 4.650362089810974320e-01 3.832627112422565263e-01 6.948776186938284694e-01 1.002090033159859089e-01 2.499818674698645049e-01 2.130198546544380955e-01 3.100053154446493278e-02 7.480305123818674629e-01 7.792537212373933375e-01 2.442295306880660211e-01 5.178284490200020344e-03 2.900000000000000000e+02 -5.467999999999999972e+01
9.777884414891183651e-01 9.904284654885074923e-01 2.581839479509736024e-01 2.578960393633408232e-01 5.901881886747600836e-01 7.240637066878187478e-02 3.404688778380503544e-01 3.034967389620686906e-01 2.653304879778181635e-01 1.715447862006258539e-01 4.707430303923788029e-01 9.459341570420145562e-01 4.591051412519325803e-01 3.949593728832636597e-01 5.869152893420399586e-01 4.416625819053884294e-01 2.231126398250588561e-01 7.700834938110318051e-01 9.014312958678262211e-01 1.255638643723413772e-01 7.698977939117751523e-01 8.085438855329184493e-01 3.965005992401409163e-01 7.115729943230244547e-01 8.179889939778165475e-01 8.168705816504013839e-01 1.385177560313005998e-02 9.948762922435231415e-01 3.013438668403928822e-01 6.096614726071946100e-01 9.942261360076217747e-01 5.181672158580723497e-01 4.440000000000000000e+02 -5.625000000000000000e+01
8.824941777994056713e-02 9.524980291802335186e-01 1.936587929032645428e-01 1.655594652604990002e-01 8.009022211629363008e-01 4.564032292982181382e-01 4.446775789774605192e-01 9.100509659287356889e-01 7.799315347161722700e-01 6.901521259584515455e-01 3.507753544552408842e-01 5.106023347590680217e-01 2.836827842051561910e-01 5.441177311619733725e-01 3.047253233106262393e-01 5.427694258092155000e-01 3.657856227099706009e-02 8.744240078761188473e-01 4.436083757756477119e-01 7.474007699907340152e-01 3.622959803343043378e-02 4.034543645183407690e-01 9.486178117376334873e-01 6.534515468360082568e-01 7.461136988403280768e-01 7.377389835875370894e-01 6.031274651901576966e-01 6.376669294696879486e-01 1.252939006056091598e-01 4.597180541567612022e-01 7.049457416592143366e-02 1.353546787344662716e-01 3.800000000000000000e+02 -5.467999999999999972e+01
2.984677406777735409e-01 9.315061982377926819e-01 2.482950650981913532e-01 7.436539902068234342e-01 7.265775556901671317e-01 8.355510689094008958e-01 6.560138554283716505e-01 1.135537078235865222e-01 8.202319586904095461e-01 7.041003861215141546e-01 2.675063844658402967e-01 6.246492570407834455e-01 3.889342130142438569e-01 7.124975370037800459e-01 1.102734220189338366e-01 2.287333049376452654e-01 9.064839621513647305e-01 5.809601372071592218e-01 4.581708271645602570e-01 4.703526221760040982e-01 2.202190924948895789e-01 5.672343193545730244e-01 2.252918882913885479e-01 6.028541803259619414e-01 6.736411791608076793e-01 2.496618979108675487e-02 6.992535475116331556e-01 2.635231100299771922e-01 9.158023249489836148e-01 4.474794517666092486e-01 2.793889415314402824e-01 2.697094277118017858e-01 3.900000000000000000e+02 -5.594500000000000028e+01
1.771527137524004369e-01 8.797792729261946221e-01 5.242593261067982624e-01 4.777404476713021930e-01 3.582199431380093113e-01 9.576806983930732375e-01 3.853989086908179984e-01 3.687773836073885980e-01 8.691495839173157822e-01 2.032408011917042623e-01 2.435691379601517825e-01 8.229098541262762634e-01 1.199012058380567181e-01 8.685711748760871487e-01 5.698511991994198445e-01 1.245359506175353348e-01 7.267238338730620528e-01 6.429850354559013548e-01 3.261349762526335461e-01 9.218604876292347816e-01 7.909595782799198060e-01 2.933636379245267434e-01 9.172729916461478394e-01 5.728785261237807624e-01 1.780563824320200994e-01 9.982095600123293000e-01 3.170330224111683193e-01 5.547060066781338561e-01 6.855715829163981923e-01 5.453715046018539070e-01 1.583884359263980704e-02 8.251822004591428117e-01 4.420000000000000000e+02 -5.601999999999999602e+01
5.745783635549569501e-01 2.020152127103211348e-01 6.371280863249061399e-01 2.959130905666869371e-02 1.548846471137225178e-01 1.951897631582063253e-01 4.356381290670598427e-01 5.507045792649930549e-01 1.134167729783059908e-01 6.135471485769540267e-01 1.519366715584528904e-01 9.725858354757537239e-01 6.098090224807205528e-01 2.682272136692596606e-02 5.505250470958376052e-01 8.455242412524052176e-01 5.433021838743767179e-02 5.517822488606098918e-01 5.458473116806786957e-02 4.867750660508944338e-01 9.359613692537090135e-02 2.518200107064071380e-01 8.361781603023120679e-01 8.212830640034157748e-02 5.327333206943098975e-01 3.977291620455375432e-02 5.182971740646276082e-01 8.767232106005422299e-02 4.408322835696377173e-01 9.701027245127008536e-01 1.328831613695462266e-01 5.398672930886759813e-01 2.900000000000000000e+02 -5.625000000000000000e+01
2.840611764788164018e-01 4.514837323601942343e-01 9.207410150655208625e-01 9.674600299447402296e-01 6.503556482442190978e-01 9.661765650590570242e-01 1.394530203169299931e-01 4.504371552176562599e-01 9.148742863642201906e-01 7.983126421129822514e-01 1.741104506443862387e-01 1.832647977044428445e-01 9.968727587792287625e-01 4.398263514662404533e-02 9.948721016119109750e-01 1.955481795899322583e-01 6.143082671103357040e-01 6.546926856930925798e-01 1.138635130453317101e-01 4.868834983119108700e-02 4.147260318221511755e-01 1.308409675740197231e-01 7.435808245915717096e-01 5.208932903501545253e-01 4.883744624262251754e-01 6.832632366837431137e-01 6.361320875860810853e-01 9.114465939332163646e-01 5.259765763456097920e-01 3.672711714012404788e-02 5.671045969988223190e-01 4.443440887578126719e-01 4.220000000000000000e+02 -5.625000000000000000e+01
1.213164425341236169e-01 4.877519728684515665e-01 7.832243426998776181e-01 4.091691271401962093e-02 4.731918868853633442e-01 7.614131500602638880e-01 7.668687522375866594e-01 2.829235705846941951e-01 8.837391341034176451e-01 5.645583619951026755e-01 4.250866409200255158e-01 5.853590108131233316e-02 4.415160829356076233e-01 8.133144977701388667e-01 3.442692694531286346e-01 5.024114764644986852e-01 2.799494716626753643e-01 1.771236087555990157e-01 4.296613398796576555e-01 2.685330595802049025e-01 8.729178289761695408e-01 7.168624644172061355e-01 8.615254143293026301e-01 6.676631185158239667e-02 7.826263154268685573e-01 8.080835870438696222e-01 1.484690778417088741e-01 7.410823598281607305e-01 5.604799954744591473e-01 1.925881960165521656e-01 5.774378977826672976e-01 5.458090608899430762e-01 3.660000000000000000e+02 -5.625000000000000000e+01
8.496519594084074312e-01 5.239249394550156147e-01 2.184380080423937998e-01 1.372746870662141794e-01 8.692098323362558165e-01 7.156553711227868764e-01 1.774718827736025961e-01 1.648361637136599722e-01 7.721491646339758708e-01 9.668048296987361567e-01 7.992592732026043700e-01 4.515762391541181531e-01 4.150876296242764774e-01 1.588857116455525964e-01 8.387381834845437645e-01 7.842713088093158924e-02 6.344460704611349922e-01 3.968761338652083692e-01 6.198713586091764149e-01 3.880950963927161101e-01 2.266454701957480375e-02 7.822277141573815706e-01 1.157145809602307951e-01 8.028541893760564596e-01 6.543943857451496315e-01 8.730197285032194054e-01 2.309049040858616314e-02 7.759224658960071075e-01 4.858972863700602440e-01 8.041200964598114176e-01 2.585940963665926406e-01 9.104768924061646951e-01 4.480000000000000000e+02 -5.601999999999999602e+01
9.651555472739921024e-03 8.263365444655829117e-01 5.031224215492693386e-01 2.988938263753558311e-01 9.581905267033474782e-01 6.942201049952976266e-01 6.175015495125777548e-02 5.291717985368568078e-01 8.083346332779958177e-01 7.654045669696950549e-01 9.097952279406723575e-01 7.245874389226887591e-02 6.469022597104341354e-01 1.224079334210729092e-01 6.615883278211801555e-01 6.319704019048180133e-01 5.443195613149137690e-01 5.220511460302367235e-01 1.525789484605150625e-01 4.934970045244248538e-01 8.281509319550972581e-01 8.729207603458377651e-01 2.092267499788384999e-01 3.271655981212034936e-01 1.514848291018979498e-01 5.328111205895353919e-01 9.421232851222474114e-01 8.466229778304688036e-01 5.521954448740890031e-01 2.748115778932647135e-01 7.485806739545407540e-01 6.951498347318261217e-01 4.520000000000000000e+02 -5.733500000000000085e+01
7.574879356995944946e-01 5.756536451986009606e-01 5.632458429961468421e-02 1.083289510360022495e-01 3.534099538107993155e-01 1.414514890182483886e-01 4.991073113611454448e-01 2.636381424655263594e-01 4.523142479751391942e-01 5.996100217001812949e-01 9.773207786793716156e-01 5.576171304961120567e-01 7.085008819491751819e-02 6.259960302852011216e-01 9.677766550226468700e-01 5.379030454003604911e-01 3.602372706081175546e-01 4.299207999453191764e-01 7.956002453519023243e-01 5.695828082171995321e-01 6.357452792999609102e-03 7.486401478870777781e-01 1.830674900714094055e-01 2.896350667032651094e-01 1.633491040407785699e-01 9.532511551011365603e-01 4.219481519108926881e-01 4.000716952889088462e-01 9.856335637254642901e-01 5.673952846484109358e-01 8.006091997551638695e-01 9.488268871091538603e-01 3.740000000000000000e+02 -5.601999999999999602e+01
8.284103900378769758e-01 2.352522928859416274e-01 8.350221147790611864e-01 6.633083644619404140e-01 2.286459090520156709e-02 3.006750704995990175e-01 7.216374066327526648e-01 6.572484995198952795e-01 3.593692617969672098e-01 8.223939358904961416e-01 4.919164019836495538e-01 7.218127644826636269e-01 2.983329967978255448e-01 2.041806548180160608e-01 7.672258833205093387e-01 8.604375314523613483e-01 6.006101051452026329e-01 8.171684537479442789e-02 6.378088092226658068e-01 5.370864123019480907e-01 4.900920235800219626e-01 7.089977834590343031e-01 7.010288551754368935e-01 3.448764667424980557e-01 5.657716807351650390e-01 1.498757894120168743e-01 4.454924390062763861e-01 8.785913560119414933e-01 4.223560410560843192e-01 4.112067370231418106e-01 8.939724897242593005e-02 4.361053461780989848e-01 4.000000000000000000e+02 -5.625000000000000000e+01
5.306809079547781804e-01 2.489762110205983869e-01 3.308540689211554864e-01 8.971530725237796267e-01 2.101420409251186505e-01 6.225740491979928626e-01 7.377121986083116090e-01 7.804339662090679086e-01 4.508725432005121492e-02 4.076885589359443562e-01 6.611285004172726687e-01 9.092793693172771530e-01 5.212478818150240167e-02 1.947588075456022083e-01 6.326492756695971664e-01 9.708293664288188962e-01 3.547323630389528359e-01 9.699736459169462366e-01 8.758731003863178266e-01 3.215016210762340898e-01 3.668616641729497974e-01 9.654354196269460120e-01 6.021110161719063214e-01 4.681909432316351816e-01 7.296233336956946536e-01 8.978605875038779549e-02 9.516786668866809018e-01 7.460169977097422800e-01 7.319611859149426358e-01 2.883296792283621679e-01 3.293269447709114284e-02 3.086088933837689563e-01 4.340000000000000000e+02 -5.594500000000000028e+01
5.220648997106142053e-01 7.530448468772152903e-01 8.034589749389466906e-01 1.207069095862659674e-01 3.166083911305524468e-01 4.999719547072813963e-01 3.263836765318721689e-01 2.090091792088502320e-01 7.395787784685154964e-01 6.723907185892948890e-01 8.905878635701688362e-01 6.843372537107679232e-01 9.103987003261347910e-01 3.660174518370060692e-01 6.881924474929896896e-01 5.870282286926649107e-01 1.815357894253522009e-01 3.077995757176913427e-01 8.234015160945306055e-01 2.130440608615477294e-01 1.814674485278386651e-01 3.480939715106563803e-02 8.669053176751009282e-01 8.279149971564495614e-01 5.106164138824951237e-01 6.364975840785583872e-01 4.717998893015971085e-01 7.133888563754550161e-01 6.650537447595502583e-01 5.167675765218073813e-01 6.007247031175595442e-01 1.847731900114710502e-01 4.180000000000000000e+02 -5.467999999999999972e+01
4.212948981097096590e-01 7.394468546372010564e-01 2.245950378367027045e-01 9.361101574593700958e-01 9.238006077868747834e-01 7.339948692994066048e-01 9.190362112542878326e-02 5.076305700651515540e-01 9.872404479810802380e-01 7.166439524342965717e-01 9.599309261176320884e-01 6.570235738039609252e-01 3.697114185764592445e-04 2.483574077388547297e-01 8.532119257680255142e-01 3.683679236831915449e-01 8.026958410259500409e-01 6.268333845219383749e-01 8.348879690167623768e-02 7.316520946717762763e-01 4.923444916224362089e-01 7.706021301418869429e-01 1.489429105194485514e-01 4.297543705045622081e-02 3.878272531527713340e-01 8.641048351848970022e-01 8.660627507078176857e-01 8.257041531271812618e-01 1.578544017957893564e-01 3.253038663800144614e-01 3.786052941946764228e-01 2.825623060648712048e-01 4.640000000000000000e+02 -5.594500000000000028e+01
6.257913406387898003e-02 4.392744514135169531e-01 5.807885754153255808e-01 5.281207943442051134e-01 1.031081012171005395e-01 6.708591171395500430e-01 1.546927544648407371e-01 7.309313993659827258e-01 1.368525964146552476e-01 6.285368636928015951e-01 7.032348660059271062e-01 7.022596133012567465e-01 4.139097976702705434e-02 1.461346530318921033e-01 8.989562062395010100e-01 1.855632106333615361e-01 1.984480495530193123e-01 9.324706390673782597e-01 3.723407403570661023e-01 7.763518088209383494e-01 3.773512834838977370e-01 4.188201001441109739e-01 4.372279408685563196e-01 9.209356858059335460e-01 6.046609346871217872e-01 2.006999603861580883e-01 8.379365352078961271e-01 4.083615540136341093e-01 2.721595627821996044e-01 9.002575155568233456e-02 5.560766811280106747e-01 2.472361087537784316e-02 3.320000000000000000e+02 -5.467999999999999972e+01
9.924865838464017598e-01 4.013780612710756146e-01 7.789040028732917564e-01 6.178862816942579800e-02 3.366408382892472906e-01 5.928344133394839455e-01 6.106076787202208145e-01 5.085245440949995865e-01 1.331536128174426459e-01 8.898338407061563426e-01 3.605712371003209071e-01 8.421346723496025977e-01 8.914773439345298200e-01 7.192156947140485035e-02 5.280623593607652877e-02 6.323677535961274264e-03 7.851951721837384657e-01 9.931312532015645900e-02 4.826379769345457427e-01 3.500678250996296370e-01 7.208293419031694960e-01 3.858341740321060698e-01 7.886047612907277626e-01 6.232259570841574003e-01 8.090955472931483650e-01 6.151373965466898630e-01 9.982122452622310682e-01 2.152560788571379058e-01 8.245586002913549706e-01 7.941322268001679285e-01 9.293449391962100847e-01 9.748326550481453134e-01 4.800000000000000000e+02 -5.601999999999999602e+01
8.901621508158885643e-01 3.385865819184331049e-01 9.610074101974276362e-01 3.799347505557754689e-01 5.953999825566039794e-01 3.973874466354176405e-01 9.159545380026355987e-01 3.385607562479416854e-01 5.851394394483929728e-01 9.595872691928679643e-01 2.228909271370835554e-01 6.288130428526608195e-01 5.852724713144755730e-01 5.017058217881191773e-01 5.995699189315223387e-01 8.797062924910922233e-01 8.635918760797725025e-01 6.798821815890769837e-01 6.488894326222452991e-01 8.432631728325215015e-01 6.679013030951750363e-01 5.584989731735865437e-01 4.170387670658338153e-01 1.253675886368064984e-01 2.424560305357126300e-01 7.018480870119448989e-01 7.602253582454332470e-01 6.898109334290050687e-02 1.898124032892663793e-01 5.055393631553090072e-01 8.603568262837212322e-01 4.082712897271427166e-01 4.540000000000000000e+02 -5.625000000000000000e+01
3.876073446184560289e-01 3.762265401898096107e-01 8.151613471644533204e-01 5.155741476830494330e-01 8.820111624276025797e-01 2.688906425652745069e-01 2.269991850905235808e-01 1.352645799431420083e-02 7.525095431370987242e-01 1.212383181537862731e-01 7.962093465230405398e-01 5.624384656553735873e-01 8.382827534305337114e-01 3.310613209788556555e-01 7.958091173244009608e-01 4.181708771225780552e-01 2.071901748598121706e-01 1.167240944745465692e-01 9.485119619225036436e-01 2.527600118108053184e-01 8.563289472318540430e-01 9.386136333780749075e-01 3.284988541344464191e-02 7.668658773654788430e-01 6.142241656223685897e-01 2.859351938191332931e-01 1.038774154419311035e-01 6.014224707627671140e-01 5.251016263849466181e-01 6.711180065981425802e-01 7.854035328424929796e-01 6.860505674950170274e-01 4.100000000000000000e+02 -5.733500000000000085e+01
2.430383477435391903e-01 6.093123014244579139e-01 2.736153773391355459e-01 4.532405024879311052e-03 4.109384130508282329e-01 5.618077376835493020e-01 9.596161864817294163e-01 1.952533654342763214e-01 2.880223173772448741e-01 3.190774394076936749e-01 5.993496073427336812e-01 2.417924553692852793e-02 4.009167549563322219e-01 2.639022113679829196e-01 3.937483533347640452e-01 2.133277551617617299e-02 9.272806535697665498e-02 4.135112355727925681e-01 9.677797821751470408e-01 6.266927729664525382e-01 5.532690922038007580e-02 8.504416150103706329e-01 5.436093292398577193e-01 1.803471927810409714e-01 4.503954739483793657e-01 3.962541615316213517e-01 9.074127207227807856e-01 3.567859167228720207e-01 2.328765073168050370e-01 1.183245236746219564e-01 2.260390169086080314e-01 3.496455435904914644e-02 2.740000000000000000e+02 -5.467999999999999972e+01
9.493647270053526821e-01 2.875584576758120070e-01 1.523620800959817334e-01 4.512412605064127780e-01 3.976582681159144261e-01 8.750430953106199672e-01 8.299287733074587337e-01 6.665660529613771645e-01 6.201071845894684520e-01 4.293400901870291775e-01 3.312874933406662753e-02 3.448985320309411184e-01 8.187617322451695712e-01 4.767848220490610855e-01 7.477750612410731801e-01 1.665448962821731715e-01 9.944099543924681539e-01 2.222570296611372509e-01 7.014204649360490373e-01 6.083527201062991496e-01 5.858804645710600223e-01 1.915789551542865510e-01 9.073893527597397535e-01 2.235119559404807610e-01 4.666990552629156630e-01 5.018971153362509867e-03 6.142163078390384667e-01 8.577854364134340770e-01 4.024363572629399699e-01 8.755695884625737113e-01 4.841103607276749377e-01 3.729153116136591506e-01 4.420000000000000000e+02 -5.594500000000000028e+01
9.199503839500045022e-01 9.687741769133111358e-01 1.338303053892564431e-01 7.970827805203311023e-01 7.773088533665535316e-01 4.857044218907747429e-02 9.743788368131287569e-01 8.724931297199434166e-01 2.015521569147152581e-01 5.299817066370563490e-01 5.500067004593824915e-01 2.824022582522133229e-01 1.378307668321611390e-01 4.445170576217045144e-01 2.554968491503485373e-01 7.594934795070859002e-01 8.319886745657506522e-01 7.893320184653002114e-01 2.944978780708793972e-02 8.788350465455184723e-01 2.873207620260785355e-01 6.812492557745195576e-01 3.574818569227616177e-02 5.015532596915068808e-01 1.885335425626029696e-02 2.604096350660169423e-01 3.954395564542912411e-01 2.978143234397482852e-01 6.140792341466835280e-01 6.571643091585449570e-01 4.470277194845497792e-01 7.626092374793528306e-01 4.000000000000000000e+02 -5.733500000000000085e+01
6.548635335959976933e-01 1.327060202272945522e-01 6.964416052396918966e-01 5.616651076924222830e-01 1.945756862646745300e-01 9.060814492301856315e-01 7.966537238758097939e-01 3.380282597319406168e-02 4.163410589673107176e-01 8.655067168606216110e-02 6.288253480644885318e-01 9.276112949367848470e-01 2.590659445594255539e-01 1.755589564878102804e-01 3.627818869010034919e-01 7.213005081057701773e-01 1.148197265243940252e-01 2.175527431777849602e-02 2.959944882581171943e-01 7.962928465107135256e-01 5.479963252380071204e-01 5.054558116479583862e-01 6.884140611939582044e-01 9.464054616207775439e-01 9.864162062833975453e-01 1.310004399440933553e-01 8.257001796739420474e-01 3.871962280458121075e-01 2.122101259687806107e-01 8.949116449661645989e-01 8.704174655977547914e-01 2.124924088309875225e-01 4.080000000000000000e+02 -5.594500000000000028e+01
4.648021586307545805e-01 7.632852954654207878e-01 4.627909978504162192e-01 3.634721425978945653e-01 7.825756421521037343e-01 6.088007127727951273e-01 2.154886940539057494e-01 3.395185298702271259e-01 6.056302829421237321e-01 2.863042527585613756e-02 4.842036090540693255e-02 8.786046561750691097e-01 3.371132260956312687e-01 5.298690386286369208e-02 2.344178142277615964e-02 3.903910730120721539e-01 9.425195862528147339e-01 5.607555713602742076e-01 5.176859261859819705e-01 7.080358500676946498e-01 7.180771978257652344e-02 2.460688437421311089e-02 9.668408853260760383e-01 6.699588116598735876e-01 5.570951135575273883e-01 4.901529820055840481e-01 3.709234628386877675e-01 1.249222020425825586e-01 8.354300061950027390e-01 1.870939504906999132e-02 9.378566777055394876e-01 8.892047371672370248e-01 3.760000000000000000e+02 -5.601999999999999602e+01
6.130640860804914549e-01 7.916390376406667873e-01 5.306868515533502695e-01 4.733223673538086707e-01 9.080470474850126372e-01 9.187487789775627967e-01 4.232214319577661810e-01 8.836961598416220864e-02 3.771709305230601661e-01 9.840539594650931088e-01 5.778563483356937702e-01 7.445406810881008974e-01 7.032826376472463004e-01 6.915347336202722905e-01 2.228991125410219043e-01 2.377362840333385741e-01 4.689862681627229857e-01 8.077714901161731076e-01 6.653972732567430270e-01 4.180137279534842931e-01 5.416571623960362292e-01 9.300479779761906540e-01 7.194016251438041243e-01 6.382411883080139070e-01 6.058664493693462910e-02 1.036259041071839054e-01 1.007064382582428808e-01 9.796184531026138620e-01 8.904235671697253995e-02 6.144414654558493227e-01 7.006909693891364421e-01 3.953874625890555494e-01 4.340000000000000000e+02 -5.594500000000000028e+01
5.905350475680664069e-01 3.397805100400064227e-01 3.438570932676837111e-01 7.111257545323421692e-01 3.731792302788952131e-01 8.568247389710450523e-01 3.119965615666236980e-01 6.384606984446246081e-01 9.642755297246464741e-01 3.527468557133466853e-01 8.379423274428526858e-01 3.613564893180798432e-01 9.699462847303981228e-01 5.859547461835811211e-01 4.785535822905180869e-01 7.730226911324179495e-01 7.428815136352131532e-01 1.451853004331098429e-01 3.925251252192037965e-01 8.089159436560310334e-01 1.688939557188988971e-01 1.409055616199202943e-01 3.392382802348541393e-01 1.741774864870580808e-02 2.894326231927771831e-01 9.318457636335495398e-01 6.589842767447569027e-01 9.371099913680752680e-01 3.227886364737095892e-01 4.013938393210719768e-01 3.690130305158860202e-01 8.057693123430557103e-01 4.200000000000000000e+02 -5.601999999999999602e+01
6.962534874490560188e-01 4.596890752511897937e-01 4.493035843756836845e-01 9.606805838828037514e-01 7.532207364370080427e-01 4.154246275039280012e-01 1.231826434292900008e-01 5.861554412189862173e-01 4.971503157697624298e-01 3.038632516264262451e-01 5.240917542993596134e-01 7.513460358148699170e-01 3.252050320322732307e-02 9.616751224243421658e-01 7.132967660341767990e-01 9.026200420758199172e-01 9.702160409230140559e-01 4.890957636074564907e-01 8.365609859012191896e-01 4.485286605489618439e-01 5.237344830429629949e-01 5.561047170233081316e-02 5.779162862766548114e-01 5.558743006292471422e-01 9.744197279850265181e-01 6.449323627752986399e-01 2.513809709114767643e-01 2.433646371231792394e-01 1.366494433914900719e-01 5.353107633139422283e-01 4.915662034621641752e-01 1.029903375658954984e-01 3.980000000000000000e+02 -5.467999999999999972e+01
8.722850285274790227e-01 1.168313316524244305e-01 8.223698887993344253e-02 7.822077855654410161e-01 8.584559366476969267e-01 9.987105856868331299e-01 1.051386694218600093e-01 9.993640123047197177e-01 8.455114113138775256e-01 1.429006410873490396e-01 5.819077559538642086e-02 1.059861105381548901e-01 6.660277592662046109e-01 3.496675171066728205e-01 3.195280261886737083e-01 8.851909497915304570e-01 3.232232401316926795e-01 9.842115602277309305e-01 5.076073802380830502e-01 9.878246034726569924e-01 4.683498582124971943e-01 7.347222980306907791e-01 6.283272285298180382e-01 5.843604049170533221e-01 1.033823172112034866e-01 7.504796071370291033e-01 8.863718377868451404e-01 7.854882988558234969e-01 5.227123515034419465e-02 9.151563380225141708e-01 8.903228702121109839e-01 6.495625909447124702e-01 5.160000000000000000e+02 -5.733500000000000085e+01
6.410117030362589841e-01 8.125202408499498929e-01 1.726201872318723907e-01 6.935983443854877584e-02 6.440132180456005495e-02 5.408306603529723644e-02 7.036321873319770215e-02 1.784506313722835913e-01 4.820086345291558216e-01 5.241623700121094132e-01 1.142392062079753967e-01 2.883116265104825882e-01 5.540534432676410548e-01 4.381347334310995434e-01 7.089194071742379588e-01 5.751215630639260334e-01 4.116275323338851044e-01 1.596857631198087685e-02 7.536209119667125478e-01 9.196631983669419086e-02 4.468400848162070171e-01 8.839770782994146869e-02 4.878723142209900887e-01 7.402389640076438848e-01 3.951909001793777465e-01 6.678781440223906518e-01 3.337316338463531262e-01 4.726987067781679430e-01 1.018947014479502505e-01 6.527015989228088233e-02 9.118721545848665899e-01 2.441463432028201930e-01 2.560000000000000000e+02 -5.594500000000000028e+01
2.134920180428269976e-01 1.582638466227285767e-01 3.440084377900262669e-02 5.576604869860742886e-01 4.817265847912983179e-01 5.303068229260403665e-01 4.628311786417620977e-01 8.079787470963099016e-01 3.284152267583243662e-02 8.446498542664735432e-01 6.148619532318012615e-01 1.580773041408417290e-01 1.047097029346996805e-01 9.879581457639451114e-02 1.425814996647884192e-01 5.457442454828716899e-02 8.200964465142366322e-01 4.965138558865355711e-01 2.370088080511953965e-01 3.093747915387647443e-02 2.228569746911148175e-01 8.841080288108886798e-01 7.702584461252363068e-01 1.987601227232849710e-01 3.570734372068999352e-01 2.262268996320308811e-01 6.897974555168587818e-01 7.992688489819386177e-01 6.390649528463010487e-01 6.420501399032975121e-01 9.548743881405843403e-01 7.177135527898589329e-01 3.520000000000000000e+02 -5.733500000000000085e+01
8.005815494606642879e-01 7.094868164650867948e-02 7.355850969169321907e-01 6.081229675408633684e-01 6.619901798102346691e-01 3.153705772496567250e-01 5.765537681105671330e-01 9.252419939280461803e-01 2.334279226804185647e-01 2.880603353317981452e-01 6.443965466332455261e-01 2.153130057319884993e-01 1.695872110729884363e-01 7.961791255978296622e-01 5.029624399352344843e-01 5.987997437760568253e-01 5.839709967288005954e-01 6.516240717758006729e-02 3.825798575708383997e-01 1.044078672766766448e-02 4.060503607473457954e-01 4.488414625797776392e-01 5.757809864917401432e-01 2.691549241185831054e-01 3.156441515099687734e-01 3.521264156434589787e-01 1.725024668811094841e-01 4.363793618544768993e-01 2.374826339736988978e-01 2.056455213511512170e-01 4.006321826540917286e-01 1.358494197683018379e-01 2.680000000000000000e+02 -5.467999999999999972e+01
5.474584431214455371e-01 7.117027290384196903e-01 1.046878977443451708e-01 8.504548964407887546e-01 4.427970298196711174e-01 3.739371628574565398e-01 3.686022056724190255e-01 4.717079341427082850e-01 7.915470709720981435e-02 5.845370600814828732e-01 7.141824465417463408e-01 9.989538302388305258e-02 7.806862485308940780e-01 6.070809478610728060e-01 5.298107386591555112e-01 3.393849572754840255e-02 6.458876578848100625e-01 9.494183280769604716e-01 7.365664873034604154e-01 4.326844278059567839e-01 9.331185918547797442e-01 8.170523727768906896e-01 9.949026384807887480e-01 4.517473054604820293e-01 8.847168457318783652e-01 5.470556424370093263e-01 5.024257714516939394e-02 3.078345743782521238e-01 2.493575716342244855e-02 2.353330828915030648e-01 3.348287093801244341e-01 8.598542022318994560e-01 4.160000000000000000e+02 -5.601999999999999602e+01
1.583798189485465802e-01 6.787281965012713636e-01 2.987257391888326619e-01 7.577667276411237385e-01 8.458675132057564827e-01 1.240779035031847471e-01 9.907378431354059156e-01 4.817108480003238352e-02 3.042951461117370804e-01 7.930692300622377289e-01 3.937308254748972947e-01 5.302950416457766769e-01 4.807971577352836978e-01 8.253680921916365376e-01 8.454907578577976549e-03 9.560905939895575356e-01 6.472874447536446259e-03 9.084181615538308163e-01 7.276929440473182131e-01 9.059045824750600051e-01 3.176162353104537983e-01 2.038457907731681673e-01 8.000595133864282227e-01 4.048673284523606197e-01 6.285695195931487733e-01 4.710693619131520182e-01 2.778447119651144548e-01 4.803428661796046995e-01 5.873030012806775835e-01 7.609864141614939292e-01 8.233563434761946853e-01 6.549705555771739851e-02 4.360000000000000000e+02 -5.467999999999999972e+01
8.461780665654455857e-01 9.827771222022306519e-02 6.246867025355166136e-01 2.844112055080854629e-01 5.111475890458070381e-01 3.100234384480807237e-02 4.026900154686572364e-01 7.629902182606366212e-01 4.600465723335404045e-01 2.678466979896186873e-01 7.875524085454421730e-02 1.956973726619977705e-01 8.039278667474089035e-01 3.759414311807668385e-01 4.517652241092606769e-01 1.420338236404307952e-01 5.618974181356795050e-01 2.649685249018516875e-01 4.338173215325537985e-02 5.896886002297689888e-01 9.129720264190799295e-01 5.213935644291600724e-01 8.193520701742630363e-01 7.923537199298282818e-01 4.293676202601358072e-01 3.862610495553333023e-01 2.576325282153945628e-01 3.951648996879036924e-02 3.580641731705831443e-01 8.184636841950473363e-01 3.486848626238924637e-02 3.420547378733763688e-01 3.200000000000000000e+02 -5.594500000000000028e+01
5.031536619326588688e-01 9.427730380213020789e-01 8.864853442991298127e-02 4.998018044089040379e-01 8.523333616186697104e-02 8.913658080693026564e-01 5.714997340692871131e-01 5.531321818595096723e-02 5.280783345329898015e-01 9.134740198054945859e-01 7.427060662982623018e-01 4.880586443856196888e-01 7.747322387684707490e-01 3.102177216826464412e-01 1.579079545831973963e-01 9.282914284641062830e-01 3.097515944238707908e-01 3.222062781850618118e-01 8.944243034386065716e-01 3.580232861669352951e-01 7.597420348285160996e-01 6.123718182688664413e-01 7.025507042498396748e-02 3.069726054281557981e-01 7.224405814503637169e-01 5.920193539630099755e-01 6.690373631830108803e-01 6.460303966347320515e-01 9.089749356532812463e-01 9.480852946360996958e-01 4.717001604850644125e-01 9.852925325879996477e-01 4.540000000000000000e+02 -5.601999999999999602e+01
1.913873192557611624e-01 8.582651647392330885e-01 8.757815952360143985e-01 9.137496396956864553e-01 1.100311787445384069e-02 1.820936471741244345e-01 5.320454860758722093e-01 2.521416199534158853e-01 6.360199501162158153e-01 1.120497447143578573e-01 7.541438297674788460e-01 4.061009282644076901e-01 6.833032352646291052e-01 2.772688448448585863e-01 8.107413550017650294e-01 4.689230662061611987e-01 4.446155307734070972e-01 7.528274307106309626e-01 8.526198002122893638e-02 1.802473885561198530e-01 6.212488781179730246e-01 2.605062151421985717e-01 5.111377680647085642e-01 9.929575311037910357e-01 4.172214320952548072e-01 3.640899900022529501e-01 5.267259584355129531e-01 4.569571023776041185e-01 4.277072895446811795e-01 3.159707816472707709e-01 8.462389835934112092e-01 6.086344572075234050e-01 3.920000000000000000e+02 -5.733500000000000085e+01
1.141399127227462201e-01 6.277622799903708195e-01 9.679678549065735549e-01 7.718758809784677100e-01 9.823341044794045018e-01 3.604565573278216140e-01 2.640267763738672335e-01 1.252680845227558404e-01 5.624841713268941001e-01 1.679676482558862260e-01 4.223595529975365803e-01 2.484975820957761039e-01 2.402442882560304194e-01 8.507188573344206528e-01 8.650122289268556974e-01 2.674595054879884692e-01 2.895034971898705622e-01 8.860602964552097838e-01 2.792415275329299118e-01 1.534261660361515567e-01 7.335883631474030553e-01 1.597636263001739054e-01 9.524647828062007271e-01 4.871864258407683224e-01 3.885351622967145313e-02 4.407626199183213855e-01 1.599879522387510078e-01 1.192225360643286471e-02 4.636264907610898600e-01 1.378466134169790414e-01 5.105386140469350131e-01 9.508954064345982449e-01 3.660000000000000000e+02 -5.601999999999999602e+01
9.413818334079508965e-01 6.102011496898396281e-01 6.236929663449700990e-03 3.446709248445106177e-01 6.236053090258378839e-01 2.187820963801287710e-01 9.402908907340890021e-01 4.208589321699435781e-01 9.192875306235627209e-01 5.061065014265883066e-01 3.334934075492457795e-01 8.095822296944517049e-01 8.695979105277341636e-01 7.353003962949324901e-01 6.191659499108213005e-01 7.918050028030055865e-01 5.202753685742709244e-01 7.323813342028263618e-01 5.661106308427437117e-01 9.440982037622001055e-01 2.991886349110383092e-01 9.798534800355296337e-01 2.492665310938304013e-01 2.832445647950962986e-01 2.792558163629126344e-01 9.355302894427044436e-01 7.126462307347012359e-01 6.988070927290528367e-01 9.415160668409557898e-01 3.704707855647387804e-01 5.288161487394991145e-01 5.926433267803598026e-01 4.980000000000000000e+02 -5.625000000000000000e+01
3.555763667580776333e-01 5.873689910426458383e-01 2.304030063842155834e-02 2.266718594676264409e-01 7.018114706902248701e-01 9.760676455532313334e-02 9.029041186161745891e-01 2.338916153283423782e-01 4.316886261687033488e-01 8.669891200328824210e-01 5.370213854806832332e-01 5.016219787566216226e-01 9.420229428384860881e-01 2.225122175483161546e-01 3.365493138319227695e-01 9.980671212661985647e-01 3.842958095088974679e-01 5.315964216725674873e-01 1.706597045763828813e-01 2.996079893392852300e-01 5.680998437153209624e-01 9.075745635995053906e-01 5.338262052810992531e-01 9.800821359125569399e-02 7.773194133410950002e-01 4.179368935344064395e-01 5.567766199801924554e-01 1.124199558319717851e-01 8.734810188826399591e-01 1.643510557621874757e-01 3.555665953896691156e-01 5.735349482654826803e-01 3.480000000000000000e+02 -5.625000000000000000e+01
6.712424911818613005e-01 6.483291757725387350e-02 5.701751985724026195e-01 6.418835684622079540e-01 6.339539916329273161e-01 8.197973486962936152e-01 1.715047791881676997e-02 7.556887430136177697e-01 1.744303477955862214e-01 7.454928932615229042e-01 6.818385160739961481e-01 1.234350532644043312e-02 2.226504994578177854e-01 7.110654399117161129e-01 9.654810256776996669e-01 6.188109607272411772e-01 7.616001374249548039e-01 3.573763351162602686e-01 1.904830941339878125e-01 6.600153222570417366e-01 2.613089612893237934e-01 1.710707083556282371e-01 3.566092292003924524e-01 7.123979420601934676e-01 6.854161818776038917e-01 7.781637812103643359e-01 1.288124657337613999e-01 5.253134852963827761e-01 9.645016147366696282e-03 9.859668833566311852e-01 6.641123285995864656e-01 4.912866279495170518e-01 3.760000000000000000e+02 -5.625000000000000000e+01
1.417367465330492127e-01 3.248887009839927786e-02 7.480889063263277405e-01 9.834147682631323439e-01 1.330312913658746876e-01 3.415391452391133842e-01 8.855530205064890970e-01 4.898440675909917497e-01 2.433481029405242801e-01 9.297237168923577766e-01 9.957015392791120911e-01 2.553653192920818937e-01 9.171344585969223306e-01 9.682484550949376212e-01 9.185063604404910542e-01 6.869969200311086821e-01 1.960148384769527796e-02 4.671200165375684055e-01 7.673877541747172737e-01 6.279726502071503180e-01 2.472931342877263960e-01 4.801012341359685576e-01 8.777058648283138365e-02 4.350063165830021505e-01 3.424797965781681275e-01 2.918137568755523326e-01 4.785018566547208918e-01 6.891747370244698523e-01 9.602297015914876832e-01 9.534751641946083156e-01 3.094829179275006559e-01 4.703040267768436866e-01 4.540000000000000000e+02 -5.625000000000000000e+01
6.851377339324590254e-01 5.538321686743433725e-01 7.187766961967466672e-01 8.698672740968305117e-01 2.275293057865940272e-01 7.927114950560860684e-01 5.556667513595900942e-01 8.419408109027315401e-01 3.342119429304483136e-01 7.555658750754915554e-01 3.793403869170572373e-01 9.514640728302860007e-01 3.630945237793747338e-01 6.597582610157441962e-01 7.312083787210956753e-01 2.144216805368421852e-01 1.533534952827647901e-01 4.471153031755611407e-01 6.093741854560986715e-01 9.817499901841516552e-01 5.995719824578079615e-01 4.373887493265161130e-01 1.213296108341372914e-01 3.632080147088538324e-01 9.281706934531497311e-01 4.993121116619064770e-01 4.340136348936991517e-01 1.471305413303872767e-01 3.740432087843159059e-01 5.896172529785319583e-01 1.638589174273886451e-01 9.291100285245406099e-01 4.040000000000000000e+02 -5.601999999999999602e+01
5.937734406682027011e-01 6.533200245501342707e-01 3.648011782412458603e-01 4.289115359986218623e-01 2.549937885945040561e-01 8.400237502207466220e-03 7.855502636264876104e-01 8.815971452711207634e-01 5.523891728760193381e-02 4.751419351643322853e-01 3.191929764473347420e-01 6.700671174553279874e-01 2.031270657000048552e-01 1.051518900911321136e-01 4.660036103789795270e-01 4.914171621282562019e-01 9.499209039514524555e-01 2.975037473236834540e-01 8.535871273122660474e-01 1.020094284599514095e-01 7.023316406682285074e-01 3.239126883776914378e-01 6.622761124958304046e-01 1.622911789972779906e-01 8.551672727902749349e-01 7.933241461725040744e-02 3.024434783190389497e-01 4.952406265145994912e-01 3.554008024763703755e-02 1.213860159330435728e-01 6.277736353530228852e-01 8.368448147420918248e-01 3.480000000000000000e+02 -5.601999999999999602e+01
3.109183395562472585e-01 5.288824221253305424e-01 4.146803897659408489e-01 3.386602502735461817e-01 1.709313489105440953e-01 2.777161216569105640e-01 7.028772422668991826e-01 7.009497424663492238e-01 7.103306627614599522e-01 4.523257585640736433e-01 2.173965459815863921e-01 1.448043371539177449e-01 4.281346907920364764e-01 9.993694088096486405e-01 8.874378230319714955e-01 3.205620882295510121e-01 4.923943743006813367e-01 8.590922537686079830e-01 2.445416837272028077e-01 8.276859118827286643e-01 9.617959367675378290e-01 2.287111491763354487e-01 5.347371431906013627e-03 8.635562126714840803e-01 7.364421804546462946e-02 6.094166095527047133e-01 1.872194558072367843e-01 5.863038551749153449e-01 7.776496458919319732e-01 7.052971649705241930e-01 4.244456884690366860e-01 7.698415135374011564e-01 3.980000000000000000e+02 -5.733500000000000085e+01
7.858238578060077195e-01 8.921651563932995188e-01 3.210244850049638332e-01 9.779974950888983831e-02 4.361759876828190663e-01 7.783761978469906362e-01 7.526809978188934158e-01 9.761434649699222144e-01 5.179934633732079519e-01 3.985850654875922605e-01 8.616023764259878037e-01 4.098661822860755199e-01 6.301746303414991202e-01 8.426263178241405472e-01 4.172840156584297078e-01 4.333845298562810644e-01 8.696184423790783713e-01 1.882586673249152798e-01 9.582434897561750153e-01 9.572455945886589879e-01 9.895682038326454322e-01 3.672502994499006190e-01 3.194701530099346987e-01 1.285464584023567622e-03 4.956608204377858651e-01 8.420259485001823085e-01 9.159317844757842719e-01 5.259961969096673684e-01 8.494265507108931246e-01 7.144605530105055946e-01 1.071648668684431344e-01 6.708555424529126787e-01 5.280000000000000000e+02 -5.733500000000000085e+01
7.387232303307798009e-01 2.037332643877838856e-01 9.069700489279218791e-01 6.525657384971325081e-01 2.834440911179625378e-01 1.675728438788829655e-01 2.387591213041193039e-01 5.677485570130355041e-01 3.444237423765578177e-01 6.759833483479603389e-02 8.195824757671617000e-01 4.622889143223894437e-01 7.266502917254156202e-01 4.159909973069016997e-01 9.412033910413862836e-01 8.106180066963237785e-01 5.307820653646838638e-01 5.983620822361862546e-01 3.086199359246597496e-01 8.607598399370596232e-01 3.402881419782724515e-01 5.825040677060295824e-01 5.290801157786566289e-02 8.793813397688839961e-01 1.389665405728860922e-02 7.869992314063751770e-01 7.961261585718207856e-01 2.750580114144232646e-01 7.930894091047968608e-01 6.804637185982538305e-01 1.467983275836279300e-01 4.948495915985145488e-01 3.980000000000000000e+02 -5.625000000000000000e+01
9.115291702689785058e-01 7.169279636787777577e-01 5.585459588164080058e-01 6.893068657049096215e-01 1.457861328238573284e-01 9.345999179041012406e-01 4.810085889480356647e-01 9.654561312538244566e-01 3.132926784441660284e-01 2.129599506220984373e-01 9.970229398049171299e-02 7.918879438000731019e-01 9.600645786809810511e-01 4.684403450718610529e-01 8.133115310422578403e-02 2.933153646461153508e-01 8.972821453020284332e-01 6.757317139080284418e-01 2.556182375432769494e-01 7.953216612396045437e-02 1.408495455715541855e-01 3.080147500354501466e-01 4.625557124596575975e-01 8.430920592087409737e-01 8.706863803547426617e-01 5.665815045836425368e-01 2.213649542069555110e-01 5.758215428587946105e-01 8.064806521833556285e-01 8.484404649941056364e-01 6.870953895816915846e-01 1.527447546198264783e-01 4.520000000000000000e+02 -5.467999999999999972e+01
2.191842573786127735e-02 2.659524171862345798e-01 5.934128942351237779e-01 3.973439124337778128e-01 6.946625846411712546e-01 4.252909581462339661e-01 6.378493413321368877e-01 8.188918929088694343e-01 3.968515423199521774e-01 7.257157405542354056e-02 2.919395660999619668e-01 3.220414701219056486e-01 8.521525253948479817e-01 6.612489584504411821e-01 1.859508344536043578e-01 3.253805366365498664e-01 3.909228981569449202e-01 2.138339046541138655e-01 1.443153874432460404e-01 3.383405868832948804e-01 9.283865516698091014e-01 6.398767803014988598e-01 4.951174329730513302e-01 3.764742767086318720e-01 2.360773237033633731e-01 9.675105682213599456e-01 9.664166675295406961e-01 3.230333517350226225e-01 7.400463230593454234e-02 8.323409459693943413e-01 1.938003120108983401e-01 2.921136946882929575e-01 3.440000000000000000e+02 -5.594500000000000028e+01
4.898872036906039007e-01 1.357887425591517705e-01 6.565664577527823287e-01 8.161401282378315525e-01 9.473469515836800969e-01 3.270027533370589157e-01 3.045996316150029748e-01 3.817979978992726009e-01 2.191914485621583031e-01 3.822963992254164722e-01 1.359916309300067579e-02 2.351285664276852594e-01 5.699378523254404749e-01 8.845677320053604298e-01 2.098882023245689787e-01 9.352216320926057813e-01 2.424290534561091559e-01 2.859289498533705842e-01 9.159965698715938354e-01 5.671322140244274695e-02 1.897985371045783631e-01 6.003648214696509777e-01 6.582972453197015739e-01 9.689090533554322038e-01 5.870577136970024368e-01 5.133702774238340094e-01 8.063087898415991495e-01 8.912968718776927979e-01 8.896133052609883629e-01 8.433343394378624291e-02 7.320723246409843732e-01 8.138152196665995874e-02 4.320000000000000000e+02 -5.467999999999999972e+01
3.352716914852669761e-01 1.000000000000000000e+00 0.000000000000000000e+00 1.000000000000000000e+00 3.672788308530340329e-01 6.192908171604255552e-01 6.221357314820372686e-01 0.000000000000000000e+00 0.000000000000000000e+00 0.000000000000000000e+00 4.423527058910803889e-01 0.000000000000000000e+00 0.000000000000000000e+00 0.000000000000000000e+00 4.079528358132744614e-02 0.000000000000000000e+00 1.000000000000000000e+00 3.900666863669725037e-01 0.000000000000000000e+00 8.340095936589492220e-01 0.000000000000000000e+00 0.000000000000000000e+00 0.000000000000000000e+00 0.000000000000000000e+00 0.000000000000000000e+00 0.000000000000000000e+00 1.000000000000000000e+00 9.924502842054997442e-01 1.000000000000000000e+00 0.000000000000000000e+00 0.000000000000000000e+00 9.156540817033480273e-02 3.140000000000000000e+02 -5.467999999999999972e+01
6.668772277721789488e-01 1.000000000000000000e+00 4.434723931100234551e-01 4.521253436587320262e-01 0.000000000000000000e+00 0.000000000000000000e+00 8.261842973098167120e-02 1.000000000000000000e+00 1.000000000000000000e+00 0.000000000000000000e+00 0.000000000000000000e+00 0.000000000000000000e+00 0.000000000000000000e+00 0.000000000000000000e+00 9.042128400273358180e-01 0.000000000000000000e+00 9.095538816450179365e-01 6.146647001486521544e-02 1.000000000000000000e+00 0.000000000000000000e+00 3.114639402831950177e-01 0.000000000000000000e+00 0.000000000000000000e+00 0.000000000000000000e+00 0.000000000000000000e+00 6.035979634838041204e-04 9.877049042926066003e-01 0.000000000000000000e+00 1.000000000000000000e+00 0.000000000000000000e+00 0.000000000000000000e+00 6.966392117139350582e-01 3.460000000000000000e+02 -5.733500000000000085e+01
0.000000000000000000e+00 0.000000000000000000e+00 3.221912851674726408e-01 7.968190111744285586e-05 8.237473611317495947e-02 6.205343045493123127e-02 1.571850503572751873e-04 0.000000000000000000e+00 7.280243492457810772e-01 0.000000000000000000e+00 0.000000000000000000e+00 2.132219927410167193e-01 0.000000000000000000e+00 1.022343381777598406e-04 8.138663336759999201e-01 0.000000000000000000e+00 2.517274962293062149e-02 0.000000000000000000e+00 6.263392552258476801e-05 1.000000000000000000e+00 0.000000000000000000e+00 0.000000000000000000e+00 7.187587268200658624e-05 3.063591550329060609e-01 2.762771295196185875e-02 1.293715577559857166e-01 1.000000000000000000e+00 1.103461182792023513e-03 5.699825648625435059e-01 0.000000000000000000e+00 0.000000000000000000e+00 1.867908800542026904e-01 1.800000000000000000e+02 -5.467999999999999972e+01
0.000000000000000000e+00 0.000000000000000000e+00 1.370164272957209162e-01 0.000000000000000000e+00 0.000000000000000000e+00 0.000000000000000000e+00 4.824008312194288384e-01 0.000000000000000000e+00 0.000000000000000000e+00 5.062447970676929865e-01 3.016046022661773574e-01 5.646834384689137787e-01 0.000000000000000000e+00 0.000000000000000000e+00 0.000000000000000000e+00 2.730071285095914679e-01 0.000000000000000000e+00 0.000000000000000000e+00 1.295943505669647207e-07 0.000000000000000000e+00 8.689644764667834309e-01 0.000000000000000000e+00 0.000000000000000000e+00 3.537458604388568073e-01 1.258671985690834812e-05 1.000000000000000000e+00 1.790000633614325654e-01 0.000000000000000000e+00 9.411804802640274525e-01 0.000000000000000000e+00 0.000000000000000000e+00 1.000000000000000000e+00 2.080000000000000000e+02 -5.601999999999999602e+01
7.204106416820130199e-02 0.000000000000000000e+00 1.969791788822474170e-03 4.825743243070353405e-01 5.820364639844534116e-01 0.000000000000000000e+00 1.000000000000000000e+00 0.000000000000000000e+00 1.017685434392687632e-01 1.000000000000000000e+00 0.000000000000000000e+00 0.000000000000000000e+00 1.063816621755699632e-01 0.000000000000000000e+00 0.000000000000000000e+00 1.000000000000000000e+00 0.000000000000000000e+00 0.000000000000000000e+00 2.832816405228260614e-01 0.000000000000000000e+00 9.998596777846233685e-01 0.000000000000000000e+00 0.000000000000000000e+00 1.483834968760627815e-01 0.000000000000000000e+00 1.000000000000000000e+00 1.798784666619933914e-01 1.000000000000000000e+00 1.000000000000000000e+00 0.000000000000000000e+00 0.000000000000000000e+00 1.000000000000000000e+00 3.180000000000000000e+02 -5.601999999999999602e+01
0.000000000000000000e+00 7.529295416987520362e-01 0.000000000000000000e+00 0.000000000000000000e+00 0.000000000000000000e+00 5.331082758871810533e-05 0.000000000000000000e+00 0.000000000000000000e+00 0.000000000000000000e+00 3.088628456148968804e-02 7.571696483038847791e-01 9.884426941101283060e-01 3.752548666309534209e-01 0.000000000000000000e+00 0.000000000000000000e+00 1.290646790144337197e-01 0.000000000000000000e+00 9.111006311569284921e-02 0.000000000000000000e+00 0.000000000000000000e+00 1.000000000000000000e+00 0.000000000000000000e+00 2.520942139847362484e-01 9.999694330518259511e-01 0.000000000000000000e+00 1.000000000000000000e+00 8.982300253313747762e-02 0.000000000000000000e+00 1.000000000000000000e+00 0.000000000000000000e+00 0.000000000000000000e+00 6.423060436645982030e-01 2.600000000000000000e+02 -5.733500000000000085e+01
0.000000000000000000e+00 1.000000000000000000e+00 0.000000000000000000e+00 0.000000000000000000e+00 0.000000000000000000e+00 1.694204627170178834e-01 0.000000000000000000e+00 0.000000000000000000e+00 0.000000000000000000e+00 0.000000000000000000e+00 1.000000000000000000e+00 1.000000000000000000e+00 0.000000000000000000e+00 0.000000000000000000e+00 0.000000000000000000e+00 1.000000000000000000e+00 0.000000000000000000e+00 0.000000000000000000e+00 0.000000000000000000e+00 0.000000000000000000e+00 0.000000000000000000e+00 1.000000000000000000e+00 0.000000000000000000e+00 1.000000000000000000e+00 0.000000000000000000e+00 1.000000000000000000e+00 0.000000000000000000e+00 0.000000000000000000e+00 1.000000000000000000e+00 0.000000000000000000e+00 0.000000000000000000e+00 1.000000000000000000e+00 3.340000000000000000e+02 -5.601999999999999602e+01
0.000000000000000000e+00 5.625612719620013413e-01 1.357676356507949433e-01 0.000000000000000000e+00 8.129300451279908302e-03 1.000000000000000000e+00 3.628270399207026431e-01 0.000000000000000000e+00 0.000000000000000000e+00 0.000000000000000000e+00 1.000000000000000000e+00 2.874168668807063343e-01 0.000000000000000000e+00 0.000000000000000000e+00 0.000000000000000000e+00 0.000000000000000000e+00 1.068893169219522626e-01 5.790007720811424230e-01 1.976953732351370008e-01 0.000000000000000000e+00 1.000000000000000000e+00 3.099702888528796038e-02 0.000000000000000000e+00 8.197880096091977320e-01 1.636700027592482565e-01 1.000000000000000000e+00 0.000000000000000000e+00 0.000000000000000000e+00 9.749298416727525396e-01 5.915489551034798510e-02 0.000000000000000000e+00 9.294456475553538599e-01 2.900000000000000000e+02 -5.601999999999999602e+01
0.000000000000000000e+00 0.000000000000000000e+00 0.000000000000000000e+00 0.000000000000000000e+00 0.000000000000000000e+00 0.000000000000000000e+00 1.000000000000000000e+00 4.926662902838747082e-01 0.000000000000000000e+00 1.000000000000000000e+00 0.000000000000000000e+00 1.000000000000000000e+00 1.000000000000000000e+00 0.000000000000000000e+00 0.000000000000000000e+00 0.000000000000000000e+00 0.000000000000000000e+00 0.000000000000000000e+00 0.000000000000000000e+00 0.000000000000000000e+00 1.000000000000000000e+00 0.000000000000000000e+00 0.000000000000000000e+00 1.000000000000000000e+00 0.000000000000000000e+00 1.000000000000000000e+00 0.000000000000000000e+00 0.000000000000000000e+00 0.000000000000000000e+00 0.000000000000000000e+00 1.000000000000000000e+00 0.000000000000000000e+00 3.100000000000000000e+02 -5.467999999999999972e+01
0.000000000000000000e+00 0.000000000000000000e+00 0.000000000000000000e+00 0.000000000000000000e+00 0.000000000000000000e+00 0.000000000000000000e+00 0.000000000000000000e+00 0.000000000000000000e+00 0.000000000000000000e+00 0.000000000000000000e+00 4.430441223547271767e-01 1.000000000000000000e+00 1.740100451840352613e-01 0.000000000000000000e+00 0.000000000000000000e+00 0.000000000000000000e+00 0.000000000000000000e+00 0.000000000000000000e+00 0.000000000000000000e+00 0.000000000000000000e+00 1.000000000000000000e+00 0.000000000000000000e+00 1.000000000000000000e+00 1.000000000000000000e+00 0.000000000000000000e+00 1.000000000000000000e+00 0.000000000000000000e+00 0.000000000000000000e+00 1.000000000000000000e+00 0.000000000000000000e+00 0.000000000000000000e+00 1.000000000000000000e+00 2.800000000000000000e+02 -5.601999999999999602e+01
2.564961660718801176e-02 2.505069671044772295e-01 6.773509705293715433e-01 2.300902633405675912e-01 0.000000000000000000e+00 0.000000000000000000e+00 1.577656353809004375e-01 3.383818898307450695e-05 1.162741986813723011e-01 8.239433417500934276e-01 1.037812771401297046e-01 4.158541292054289129e-01 3.671264271005735685e-02 3.518254939218379285e-02 0.000000000000000000e+00 0.000000000000000000e+00 2.952667467305040983e-03 1.710125607583060925e-01 4.400730371655567352e-02 1.123371261485638234e-01 9.594884152120002341e-01 0.000000000000000000e+00 0.000000000000000000e+00 8.421200408017610606e-01 9.888373029898211725e-04 5.346810874003207065e-02 0.000000000000000000e+00 3.710424667811529353e-01 4.891577190885152415e-01 1.545521743261197845e-01 3.210320167880282433e-02 1.059599577891491735e-02 1.860000000000000000e+02 -5.467999999999999972e+01
0.000000000000000000e+00 0.000000000000000000e+00 0.000000000000000000e+00 0.000000000000000000e+00 0.000000000000000000e+00 3.103828664967548247e-04 1.212795319663298316e-01 0.000000000000000000e+00 0.000000000000000000e+00 9.127250049031971789e-04 3.030668692927051544e-01 3.820569332930501966e-02 0.000000000000000000e+00 1.728205062960997962e-01 0.000000000000000000e+00 0.000000000000000000e+00 1.996120868573037221e-01 0.000000000000000000e+00 0.000000000000000000e+00 0.000000000000000000e+00 0.000000000000000000e+00 0.000000000000000000e+00 3.943579482894095378e-02 5.540211926747113519e-02 1.586121009074440702e-01 0.000000000000000000e+00 0.000000000000000000e+00 0.000000000000000000e+00 0.000000000000000000e+00 7.904862165015878912e-04 0.000000000000000000e+00 0.000000000000000000e+00 6.600000000000000000e+01 -5.467999999999999972e+01
0.000000000000000000e+00 0.000000000000000000e+00 1.959361597172701031e-01 0.000000000000000000e+00 0.000000000000000000e+00 0.000000000000000000e+00 0.000000000000000000e+00 2.017897861090491018e-02 0.000000000000000000e+00 1.000000000000000000e+00 1.404066878534473151e-01 0.000000000000000000e+00 0.000000000000000000e+00 9.814674428058051125e-02 0.000000000000000000e+00 5.809063890045250700e-01 0.000000000000000000e+00 0.000000000000000000e+00 0.000000000000000000e+00 0.000000000000000000e+00 1.000000000000000000e+00 0.000000000000000000e+00 0.000000000000000000e+00 0.000000000000000000e+00 0.000000000000000000e+00 1.000000000000000000e+00 4.842657423638882519e-01 0.000000000000000000e+00 1.000000000000000000e+00 0.000000000000000000e+00 0.000000000000000000e+00 1.000000000000000000e+00 2.260000000000000000e+02 -5.601999999999999602e+01
0.000000000000000000e+00 0.000000000000000000e+00 5.509078839930853927e-02 3.478582691522595360e-01 0.000000000000000000e+00 2.483320554214645259e-01 2.195031466767768599e-02 0.000000000000000000e+00 3.224230507553130787e-01 6.412225745408517951e-06 5.410801010886176368e-05 8.568469354576891961e-01 3.028675685806233031e-01 2.009744060559200685e-01 4.923537125469715225e-02 4.862363307854351835e-02 5.756532448699411275e-02 6.485308078717914038e-01 0.000000000000000000e+00 1.651865869617916427e-01 0.000000000000000000e+00 1.916952338883438597e-04 0.000000000000000000e+00 7.292926116082873237e-06 0.000000000000000000e+00 7.752324312646181881e-02 0.000000000000000000e+00 0.000000000000000000e+00 3.364798565134646878e-05 6.801531019319301263e-01 1.517374816839448881e-04 3.797491718921980342e-01 1.340000000000000000e+02 -5.594500000000000028e+01
4.820795756214753258e-02 1.616076007415173654e-01 1.067236858900396795e-01 5.864340963315783578e-06 7.130811139568500601e-02 1.038243771767548458e-02 6.461952176060684061e-02 0.000000000000000000e+00 8.434780555538651248e-01 2.187122385725767948e-01 0.000000000000000000e+00 7.168773787192605183e-03 0.000000000000000000e+00 0.000000000000000000e+00 0.000000000000000000e+00 3.326952141461674284e-01 0.000000000000000000e+00 7.240756001268243425e-03 6.380156775184066265e-02 6.004511768035207963e-07 7.271208329457096164e-01 7.011595253278610773e-01 0.000000000000000000e+00 4.783254208976816385e-02 0.000000000000000000e+00 8.277277416697106927e-03 3.408038511837755552e-02 3.268379980740689084e-02 0.000000000000000000e+00 3.201421613239137098e-01 1.343909760194295366e-01 0.000000000000000000e+00 1.280000000000000000e+02 -5.467999999999999972e+01
0.000000000000000000e+00 1.000000000000000000e+00 0.000000000000000000e+00 5.046996502905310572e-02 2.335126351604360218e-01 0.000000000000000000e+00 0.000000000000000000e+00 0.000000000000000000e+00 0.000000000000000000e+00 0.000000000000000000e+00 0.000000000000000000e+00 4.541802525830931914e-01 5.048448252628744415e-01 0.000000000000000000e+00 0.000000000000000000e+00 1.558512860506794939e-01 0.000000000000000000e+00 0.000000000000000000e+00 0.000000000000000000e+00 0.000000000000000000e+00 2.589355186671862818e-01 0.000000000000000000e+00 0.000000000000000000e+00 1.000000000000000000e+00 0.000000000000000000e+00 1.000000000000000000e+00 3.614744047397278615e-01 0.000000000000000000e+00 1.000000000000000000e+00 0.000000000000000000e+00 0.000000000000000000e+00 0.000000000000000000e+00 2.020000000000000000e+02 -5.467999999999999972e+01
9.541716014949650493e-01 7.894605815054032139e-01 6.808697601605979699e-01 0.000000000000000000e+00 0.000000000000000000e+00 0.000000000000000000e+00 0.000000000000000000e+00 0.000000000000000000e+00 0.000000000000000000e+00 0.000000000000000000e+00 9.999299742429152982e-01 9.857502700190893252e-01 1.000000000000000000e+00 0.000000000000000000e+00 1.658431624944823046e-01 3.233399547467274981e-02 2.629408321365258039e-01 0.000000000000000000e+00 0.000000000000000000e+00 0.000000000000000000e+00 1.000000000000000000e+00 0.000000000000000000e+00 4.354585998969076610e-02 3.725588458711160955e-01 4.177892934852739937e-01 1.000000000000000000e+00 0.000000000000000000e+00 2.352914917652361437e-01 1.000000000000000000e+00 0.000000000000000000e+00 0.000000000000000000e+00 1.000000000000000000e+00 3.440000000000000000e+02 -5.601999999999999602e+01
0.000000000000000000e+00 3.312870262598684862e-03 0.000000000000000000e+00 0.000000000000000000e+00 0.000000000000000000e+00 8.348292795759773566e-02 6.003043929522999811e-01 1.000000000000000000e+00 6.189546713169333247e-03 0.000000000000000000e+00 0.000000000000000000e+00 9.893189393861913095e-01 3.710174203169181589e-02 0.000000000000000000e+00 3.191720706053664206e-03 1.947711145697722523e-01 0.000000000000000000e+00 0.000000000000000000e+00 2.631482103560303099e-01 2.203149914573971080e-01 3.223123705705902009e-01 3.074006833959877852e-02 3.005800336584969479e-01 5.379073383130272834e-01 4.181706424686064127e-01 1.000000000000000000e+00 0.000000000000000000e+00 7.488894941071565503e-01 9.107644661167508815e-01 2.850371105882049810e-02 0.000000000000000000e+00 6.518344066526467195e-02 2.320000000000000000e+02 -5.467999999999999972e+01
0.000000000000000000e+00 0.000000000000000000e+00 0.000000000000000000e+00 0.000000000000000000e+00 0.000000000000000000e+00 0.000000000000000000e+00 0.000000000000000000e+00 1.307851971648038847e-01 0.000000000000000000e+00 3.437180782279544711e-01 1.000000000000000000e+00 2.008418766523335508e-01 1.254014256268816130e-01 0.000000000000000000e+00 1.636852430227121180e-01 0.000000000000000000e+00 5.445458853193407833e-02 1.000000000000000000e+00 0.000000000000000000e+00 0.000000000000000000e+00 2.419026182495024047e-01 0.000000000000000000e+00 1.471621700070397179e-02 0.000000000000000000e+00 0.000000000000000000e+00 2.920907169509833756e-01 0.000000000000000000e+00 1.622580905877661073e-01 0.000000000000000000e+00 4.041643684437908404e-03 0.000000000000000000e+00 1.553394659822772139e-01 1.320000000000000000e+02 -5.467999999999999972e+01
0.000000000000000000e+00 4.025922700337011828e-01 1.099413025687500378e-01 0.000000000000000000e+00 0.000000000000000000e+00 0.000000000000000000e+00 8.677334439875001746e-04 0.000000000000000000e+00 0.000000000000000000e+00 1.604786024944710658e-04 4.082924991163419115e-01 0.000000000000000000e+00 0.000000000000000000e+00 7.826210909655630446e-03 0.000000000000000000e+00 0.000000000000000000e+00 4.552186642210369279e-05 0.000000000000000000e+00 0.000000000000000000e+00 0.000000000000000000e+00 9.911701270405696151e-01 0.000000000000000000e+00 1.130733366827186837e-01 4.909293871296605688e-02 0.000000000000000000e+00 7.208537828591203350e-04 4.268358384732507798e-05 4.173207749550212481e-02 9.719383119045411634e-01 0.000000000000000000e+00 0.000000000000000000e+00 1.000000000000000000e+00 1.660000000000000000e+02 -5.601999999999999602e+01
0.000000000000000000e+00 9.763377451228907322e-01 0.000000000000000000e+00 5.546792108139736444e-01 1.000000000000000000e+00 3.614275814215727745e-01 0.000000000000000000e+00 0.000000000000000000e+00 0.000000000000000000e+00 0.000000000000000000e+00 1.000000000000000000e+00 2.573113767056334905e-02 1.000000000000000000e+00 0.000000000000000000e+00 0.000000000000000000e+00 4.253633697344918474e-01 1.214667984234849146e-01 0.000000000000000000e+00 1.265184636244101601e-01 0.000000000000000000e+00 9.806723525843877853e-01 0.000000000000000000e+00 7.718278612423161711e-01 1.675830013934770102e-01 0.000000000000000000e+00 6.895314059077591873e-01 0.000000000000000000e+00 4.764757966913236303e-02 5.366058082605345003e-01 0.000000000000000000e+00 0.000000000000000000e+00 6.491885248452883284e-01 2.760000000000000000e+02 -5.733500000000000085e+01
5.713747090558685127e-02 6.791338436989577954e-01 0.000000000000000000e+00 0.000000000000000000e+00 6.001211063724648520e-01 0.000000000000000000e+00 8.871912134827538918e-03 4.115966044016614507e-12 0.000000000000000000e+00 0.000000000000000000e+00 1.047032128954276595e-02 4.601993375162164818e-10 8.931049967869707752e-09 0.000000000000000000e+00 0.000000000000000000e+00 0.000000000000000000e+00 0.000000000000000000e+00 0.000000000000000000e+00 3.194388268574787238e-03 7.679462232288357566e-03 5.877681249026518451e-01 0.000000000000000000e+00 0.000000000000000000e+00 2.859150771792595691e-01 0.000000000000000000e+00 0.000000000000000000e+00 0.000000000000000000e+00 4.480174211906220311e-02 1.000000000000000000e+00 9.973439225047436851e-01 5.127091095885423222e-01 8.087952168593424140e-01 1.960000000000000000e+02 -5.601999999999999602e+01
0.000000000000000000e+00 6.602036082100163350e-01 4.328343166059756345e-03 1.449132406471000112e-01 0.000000000000000000e+00 0.000000000000000000e+00 0.000000000000000000e+00 0.000000000000000000e+00 0.000000000000000000e+00 7.052269019885650629e-07 3.226176193150197546e-01 0.000000000000000000e+00 0.000000000000000000e+00 0.000000000000000000e+00 0.000000000000000000e+00 0.000000000000000000e+00 0.000000000000000000e+00 7.169620526912560965e-02 4.297422199137935703e-03 0.000000000000000000e+00 1.000000000000000000e+00 3.035927269510635493e-03 6.419302346392649627e-02 1.828539169721112446e-04 0.000000000000000000e+00 0.000000000000000000e+00 4.664153407828050546e-02 1.807059115395182880e-01 1.000000000000000000e+00 0.000000000000000000e+00 2.686220673703263451e-01 1.000000000000000000e+00 1.720000000000000000e+02 -5.601999999999999602e+01
5.372188072509158641e-01 9.546751146200602167e-02 0.000000000000000000e+00 0.000000000000000000e+00 7.701960583751848999e-02 0.000000000000000000e+00 0.000000000000000000e+00 0.000000000000000000e+00 0.000000000000000000e+00 0.000000000000000000e+00 1.254939864250359527e-01 0.000000000000000000e+00 3.093599034119124402e-01 0.000000000000000000e+00 0.000000000000000000e+00 0.000000000000000000e+00 2.123751718874604399e-02 0.000000000000000000e+00 0.000000000000000000e+00 9.455890068965618900e-01 0.000000000000000000e+00 0.000000000000000000e+00 2.973049697328378205e-01 6.490988161664924538e-01 0.000000000000000000e+00 0.000000000000000000e+00 0.000000000000000000e+00 0.000000000000000000e+00 4.788861904911798084e-02 0.000000000000000000e+00 2.285990569398992263e-03 1.000000000000000000e+00 1.480000000000000000e+02 -5.601999999999999602e+01
