x tau regret
0.750 -0.800 0.720
0.785 -0.400 0.260
0.820 -0.330 0.210
0.855 -0.200 2.500
0.890 -0.110 1.090
0.750 -0.110 0.380
0.785 0.000 1.340
0.820 0.000 0.000
0.855 0.400 0.000
0.890 0.400 0.000
0.750 0.400 0.220
0.785 0.400 1.040
0.820 0.800 0.000
1.750 -0.800 1.570
1.785 -0.600 1.990
1.820 -0.400 1.390
1.855 -0.400 0.730
1.890 -0.400 1.200
1.750 -0.200 0.830
1.785 0.000 0.730
1.820 0.000 1.780
1.855 0.000 0.160
1.890 0.000 0.200
1.750 0.000 0.140
1.785 0.200 0.280
1.820 0.560 0.000
1.855 0.600 0.260
1.890 0.600 0.030
1.750 0.800 0.000
2.750 0.000 0.197
2.785 0.200 0.717
2.820 0.200 0.993
2.855 0.200 0.680
2.890 0.400 0.900
2.750 0.600 0.040
2.785 0.800 0.093
2.820 0.800 0.000
2.855 1.000 0.000
3.750 -0.400 0.737
3.785 0.200 0.000
3.820 0.200 0.337
3.855 0.200 1.690
3.890 0.400 0.000
3.750 0.400 0.000
3.785 0.400 0.160
3.820 0.500 0.000
3.855 0.600 1.865
3.890 0.600 0.000
3.750 0.600 0.000
3.785 0.800 0.000
3.820 0.800 0.000
3.855 0.800 0.023
3.890 0.800 0.000
3.750 1.000 0.000
