5.000000000000000000e-01 5.000000000000000000e-01 5.000000000000000000e-01 5.000000000000000000e-01 5.000000000000000000e-01 5.000000000000000000e-01 5.000000000000000000e-01 5.000000000000000000e-01 5.000000000000000000e-01 5.000000000000000000e-01 5.000000000000000000e-01 5.000000000000000000e-01 5.000000000000000000e-01 5.000000000000000000e-01 5.000000000000000000e-01 5.000000000000000000e-01 5.000000000000000000e-01 5.000000000000000000e-01 5.000000000000000000e-01 5.000000000000000000e-01 5.000000000000000000e-01 5.000000000000000000e-01 5.000000000000000000e-01 5.000000000000000000e-01 5.000000000000000000e-01 5.000000000000000000e-01 5.000000000000000000e-01 5.000000000000000000e-01 5.000000000000000000e-01 5.000000000000000000e-01 5.000000000000000000e-01 5.000000000000000000e-01 2.560000000000000000e+02 -6.071000000000000085e+01
5.000000000000000278e-02 7.903225806451613655e-02 1.080645161290322565e-01 1.370967741935483764e-01 1.661290322580645240e-01 1.951612903225806162e-01 2.241935483870967638e-01 2.532258064516129115e-01 2.822580645161290036e-01 3.112903225806451513e-01 3.403225806451612434e-01 3.693548387096773911e-01 3.983870967741935387e-01 4.274193548387096309e-01 4.564516129032257785e-01 4.854838709677418707e-01 5.145161290322580738e-01 5.435483870967742215e-01 5.725806451612903691e-01 6.016129032258064058e-01 6.306451612903225534e-01 6.596774193548387011e-01 6.887096774193548487e-01 7.177419354838709964e-01 7.467741935483871440e-01 7.758064516129031807e-01 8.048387096774193283e-01 8.338709677419354760e-01 8.629032258064516236e-01 8.919354838709677713e-01 9.209677419354838079e-01 9.499999999999999556e-01 2.560000000000000000e+02 -6.260999999999999943e+01
9.499999999999999556e-01 9.209677419354838079e-01 8.919354838709677713e-01 8.629032258064516236e-01 8.338709677419354760e-01 8.048387096774193283e-01 7.758064516129031807e-01 7.467741935483871440e-01 7.177419354838709964e-01 6.887096774193548487e-01 6.596774193548387011e-01 6.306451612903225534e-01 6.016129032258064058e-01 5.725806451612903691e-01 5.435483870967742215e-01 5.145161290322580738e-01 4.854838709677418707e-01 4.564516129032257785e-01 4.274193548387096309e-01 3.983870967741935387e-01 3.693548387096773911e-01 3.403225806451612434e-01 3.112903225806451513e-01 2.822580645161290036e-01 2.532258064516129115e-01 2.241935483870967638e-01 1.951612903225806162e-01 1.661290322580645240e-01 1.370967741935483764e-01 1.080645161290322565e-01 7.903225806451613655e-02 5.000000000000000278e-02 2.560000000000000000e+02 -5.834999999999999432e+01
5.000000000000000278e-02 1.099999999999999867e-01 1.699999999999999845e-01 2.299999999999999822e-01 2.899999999999999800e-01 3.499999999999999223e-01 4.099999999999999201e-01 4.699999999999999178e-01 5.299999999999999156e-01 5.899999999999999689e-01 6.499999999999999112e-01 7.099999999999999645e-01 7.699999999999999067e-01 8.299999999999999600e-01 8.899999999999999023e-01 9.499999999999999556e-01 9.499999999999999556e-01 8.900000000000000133e-01 8.299999999999999600e-01 7.700000000000000178e-01 7.099999999999999645e-01 6.500000000000000222e-01 5.900000000000000799e-01 5.300000000000000266e-01 4.700000000000000289e-01 4.100000000000000311e-01 3.500000000000000888e-01 2.900000000000000355e-01 2.300000000000000933e-01 1.700000000000000400e-01 1.100000000000000977e-01 5.000000000000000278e-02 2.560000000000000000e+02 -6.167000000000000171e+01
9.499999999999999556e-01 8.900000000000000133e-01 8.300000000000000711e-01 7.700000000000000178e-01 7.099999999999999645e-01 6.500000000000001332e-01 5.900000000000000799e-01 5.300000000000000266e-01 4.700000000000000844e-01 4.100000000000000311e-01 3.500000000000000888e-01 2.900000000000000355e-01 2.300000000000000933e-01 1.700000000000000400e-01 1.100000000000000977e-01 5.000000000000004441e-02 5.000000000000004441e-02 1.099999999999999867e-01 1.700000000000000400e-01 2.299999999999999822e-01 2.900000000000000355e-01 3.499999999999999778e-01 4.099999999999999201e-01 4.699999999999999734e-01 5.300000000000000266e-01 5.899999999999999689e-01 6.499999999999999112e-01 7.099999999999999645e-01 7.699999999999999067e-01 8.299999999999999600e-01 8.899999999999999023e-01 9.499999999999999556e-01 2.560000000000000000e+02 -6.034999999999999432e+01
1.499999999999999944e-01 8.499999999999999778e-01 1.499999999999999944e-01 8.499999999999999778e-01 1.499999999999999944e-01 8.499999999999999778e-01 1.499999999999999944e-01 8.499999999999999778e-01 1.499999999999999944e-01 8.499999999999999778e-01 1.499999999999999944e-01 8.499999999999999778e-01 1.499999999999999944e-01 8.499999999999999778e-01 1.499999999999999944e-01 8.499999999999999778e-01 1.499999999999999944e-01 8.499999999999999778e-01 1.499999999999999944e-01 8.499999999999999778e-01 1.499999999999999944e-01 8.499999999999999778e-01 1.499999999999999944e-01 8.499999999999999778e-01 1.499999999999999944e-01 8.499999999999999778e-01 1.499999999999999944e-01 8.499999999999999778e-01 1.499999999999999944e-01 8.499999999999999778e-01 1.499999999999999944e-01 8.499999999999999778e-01 2.560000000000000000e+02 -6.076999999999999602e+01
1.625000000000000056e-01 1.062500000000000111e-01 1.062500000000000111e-01 1.062500000000000111e-01 1.625000000000000056e-01 1.062500000000000111e-01 1.062500000000000111e-01 1.062500000000000111e-01 9.500000000000000666e-01 1.062500000000000111e-01 1.062500000000000111e-01 1.062500000000000111e-01 9.500000000000000666e-01 1.062500000000000111e-01 9.500000000000000666e-01 9.500000000000000666e-01 9.500000000000000666e-01 1.062500000000000111e-01 9.500000000000000666e-01 9.500000000000000666e-01 9.500000000000000666e-01 1.625000000000000056e-01 1.625000000000000056e-01 5.000000000000000000e-01 1.062500000000000111e-01 9.500000000000000666e-01 5.000000000000000000e-01 1.062500000000000111e-01 1.062500000000000111e-01 1.062500000000000111e-01 9.500000000000000666e-01 9.500000000000000666e-01 2.560000000000000000e+02 -6.264000000000000057e+01
5.499596620578787176e-01 6.483548188835264181e-01 4.031573756688733856e-01 1.958032880261222908e-01 2.704009991651217804e-01 5.574613117508135929e-01 2.675124162838839470e-01 9.076545228512565844e-01 9.750881068470830249e-01 5.885783967192788069e-01 8.955207968557677978e-01 2.299666373827536359e-01 1.705502977979132806e-01 4.687976438986074523e-01 6.241754460553111672e-01 6.665951276318247132e-01 2.051066005658749858e-01 5.973376488339716683e-01 9.677507933637109483e-01 7.800854691737262314e-01 6.406054641060090482e-01 2.641205845587580869e-01 5.860846633778217241e-01 2.466163523058121088e-01 5.789845308022084636e-01 3.502848306260404332e-01 5.768673578580290062e-01 8.462947572284763575e-01 6.796250054397709461e-02 6.417819552423570384e-02 8.017540475474302930e-01 9.201571036738644960e-01 2.560000000000000000e+02 -6.103000000000000114e+01
2.622698287316063692e-01 9.632098608288813812e-03 5.165716392603276752e-01 5.768566574680376036e-01 6.782206125259221396e-01 5.876394429973132993e-01 7.841409629724142016e-01 2.733712923657345972e-01 5.365866490939278366e-01 6.474857220674236080e-01 2.002105894633453009e-01 5.133235330574751482e-02 4.634996590896091062e-01 3.494233067375930313e-01 8.326469505674507499e-01 7.920917722293130403e-01 9.072141006962872734e-01 2.441623709352906679e-01 9.592898229432198498e-01 4.486929966054843399e-01 5.155760419871965317e-01 1.376924240280757994e-01 4.736147129171294767e-01 2.752941869705160822e-03 9.218405382814913729e-01 5.337959542312068484e-01 8.455907339814657808e-01 2.146798765276285714e-01 3.532994023657911598e-01 3.627727888303389214e-01 9.088807973080816893e-01 2.804788845225503202e-01 2.560000000000000000e+02 -5.948999999999999488e+01
4.568320962797169787e-02 3.051490326569460398e-01 5.339207433116736068e-01 4.231786628204712297e-01 3.714424855602773690e-01 9.655201246498605616e-02 4.539878766960424583e-01 2.543758490909631687e-01 6.154476124719353569e-01 1.424411261214202085e-01 6.197530597665543706e-01 7.428262150917537276e-01 4.766836470389648750e-01 6.195256419179864249e-01 4.627334587545043343e-01 5.718989194723496094e-01 3.964998813585250415e-01 5.528711660013653217e-01 5.634784228254976490e-01 4.273416344066880979e-01 7.323745718622118317e-02 4.824091070515960089e-01 4.993602555629323425e-01 2.859860885000230502e-01 4.088670828404711299e-01 9.259741498757690925e-01 7.381239520014564182e-01 6.623379503475317065e-02 7.603829072103838183e-01 2.873061297674525325e-02 2.757631347469570726e-01 1.188422140819004528e-04 2.560000000000000000e+02 -6.092999999999999972e+01
1.108854236274403327e-01 8.020463280741055856e-01 3.987387679831667919e-02 5.306552448452588333e-01 1.690724823389042342e-01 1.941550058918840027e-01 6.672020152448396857e-01 5.216592544487079763e-01 7.591107242447833192e-01 4.701420981503642293e-01 8.558172067278746464e-01 3.988685335673073165e-03 8.255225304816352638e-01 7.105970043087763699e-01 7.313327842842698434e-01 3.810121596785737697e-01 1.323896065783160547e-01 6.729775322224155198e-01 5.405281456289311171e-02 1.623242265092037506e-01 7.214112177737848075e-01 4.077397317211129413e-01 7.292913618565513012e-01 5.797639820810640554e-01 2.700521845119230879e-01 1.148560871945959599e-01 9.880947779061752811e-01 7.587113989583544882e-01 7.769569427951709961e-02 9.678333997555792212e-02 8.260722142603905693e-01 6.752998455245114995e-01 2.560000000000000000e+02 -6.071999999999999886e+01
8.151219187652072318e-01 5.274273354498268951e-01 8.840089696714226175e-02 8.657577437215348004e-01 8.170489235953045659e-01 1.728997785095600093e-01 8.597376763527200816e-02 2.227300921166591452e-01 8.770181975038766620e-01 5.465238987703550100e-01 5.750227085209668187e-01 9.094837738667342908e-01 1.317190519742365007e-01 5.852766026733757787e-01 2.273624426507550311e-01 8.574141533763554035e-01 3.579277984943725344e-02 1.121044504710683731e-01 1.415271499575850023e-01 1.892827670307735410e-01 5.473626484477503995e-01 5.062048559307512630e-01 4.101598708152049411e-01 7.753632141739409400e-01 6.988066588893979691e-01 9.457684285631901000e-01 1.290091396514009836e-01 7.810694209659609921e-01 3.940694282110827062e-01 7.597551167281091367e-01 5.816296164502789967e-01 3.923331183724804161e-01 2.560000000000000000e+02 -6.392999999999999972e+01
4.591050636143128583e-01 5.092325236331918248e-01 2.282640202322910594e-01 3.966194208457708981e-01 2.589161625682150358e-01 7.217058786508895318e-01 3.099935391692509312e-01 7.753290855763482758e-01 8.911990174349365690e-01 9.267562749265941813e-01 2.555462952511708408e-01 2.562844118703131446e-01 5.775162499642306768e-01 1.235339311124037526e-01 5.381723576332992920e-01 4.190223334924312315e-01 6.097029087312884066e-01 5.776646672445280295e-01 6.041922216319318695e-01 9.509836399139581786e-01 9.180689862103373899e-01 2.561528899969537365e-01 9.149555899959692373e-02 7.996492890330827441e-01 8.595276342541346981e-01 4.840785281536730822e-01 8.927046735326263915e-01 4.184644965511836179e-01 6.290910135439186091e-01 9.596623114712965474e-01 6.257867655703974741e-01 2.529713565020850208e-01 2.560000000000000000e+02 -6.020000000000000284e+01
5.274725378998119663e-01 7.616191857332329507e-01 2.028930162805723039e-02 2.986216385642636029e-01 7.802308647389010199e-01 2.613616069631805594e-01 3.851069579679903820e-01 5.290700983746573494e-01 1.994192987413544449e-01 7.632663812098308131e-01 8.117577287078682202e-01 8.245061376707836232e-01 6.165929718821653305e-01 3.908627545894065580e-01 1.659677523103299801e-01 3.038322632877170082e-01 9.485023691514835043e-02 2.027045215056932914e-01 8.158104423667598137e-01 5.788345350510143428e-01 9.007850183584172887e-01 3.862613233700117887e-01 8.695581238052343398e-01 5.040644540904849064e-02 4.449657619143447262e-01 1.501247579319612557e-01 3.479795007906889004e-01 7.461404974431096182e-01 8.220068722558889762e-01 2.312390010547759056e-01 7.283603697319512849e-01 4.429342594563137614e-01 2.560000000000000000e+02 -6.375000000000000000e+01
4.189622429399909587e-01 5.950156963764934304e-01 1.956232302657928135e-01 1.853508726728327061e-01 9.162194628558604226e-01 2.263358456959838894e-01 8.204072675851288299e-01 8.261320159691749598e-01 6.821706395524205213e-01 7.828700774298109899e-02 9.600408382523322182e-01 6.489578564513183434e-02 2.798285906948690394e-01 8.652596931720982765e-01 3.675755883992327666e-01 5.204239890893941345e-01 2.537738530991504038e-01 3.513587865211981742e-01 7.218897498517069522e-01 4.409262662328875676e-02 9.330890670613490867e-01 2.219636035033515642e-01 7.713446902778234859e-01 1.367199463379012159e-01 6.481300749357711277e-01 2.575097959158744176e-01 2.011896183999300480e-01 8.886939677521368264e-01 2.583794238057737780e-02 2.016263838163233624e-01 1.883998382452828080e-01 9.324144558164088048e-01 2.560000000000000000e+02 -6.334000000000000341e+01
2.033493168497021164e-01 1.367772968492924901e-01 9.902300033160561510e-01 6.738876016602842745e-01 7.087632017192855294e-01 8.820884372451068822e-01 6.242389430282072604e-01 6.635305267853646161e-01 7.380303866130255575e-01 9.009088951725299221e-01 4.187495933504810641e-01 6.806371369888423173e-01 2.560283819722687926e-01 8.841305054449712930e-01 1.230247788887201960e-01 8.379043239914788499e-01 8.296593187569387684e-01 1.240397769920554144e-01 2.914893502972550898e-01 8.297078784287866826e-01 4.708988843131450830e-01 7.996655863084349836e-01 1.176228535993644603e-01 3.091734393095438294e-01 8.019850339046413756e-01 5.649196821878920555e-02 5.339703560304148722e-01 8.105742130606993223e-01 6.601958738374823499e-01 1.871738025522666216e-01 9.592122367777622394e-01 3.641368397159855386e-01 2.560000000000000000e+02 -6.192000000000000171e+01
4.437627262071762724e-01 1.774492498955551334e-01 6.459583429651035713e-01 6.309325319217399253e-01 4.375849279407079684e-01 4.378458333550104831e-01 9.387857175666242115e-01 1.093355197674352186e-01 8.536561434506964030e-01 5.367740063725827682e-01 6.334623706049895553e-01 8.611030000512015503e-01 8.230705444912143065e-01 4.820058703547920598e-02 6.844843189058332777e-01 3.575942349237061068e-03 8.612525724174530106e-01 2.841471215750552282e-01 6.768812800021503095e-01 3.942892585971513042e-01 9.701184254551863395e-01 3.561080283285736336e-01 4.279282931725567063e-02 1.226759771329126725e-01 1.759817769119534081e-01 9.939394156483850606e-01 4.902954384922211251e-01 7.256460920961930183e-01 6.920537742827067573e-01 5.683037754334501201e-01 6.352892578596985862e-01 4.368146075533703709e-01 2.560000000000000000e+02 -6.042000000000000171e+01
2.647319200621682245e-01 6.185398228603294912e-01 2.764628181481790237e-01 9.547906123593250527e-01 4.927554507243903648e-01 7.819693264566618396e-01 5.491820819040201807e-01 7.481353560480412390e-02 9.328702333780570788e-01 5.002658019989347782e-01 3.398625334119712571e-01 4.289634510804754552e-01 5.884857703758888947e-01 6.455670880648022303e-01 6.063019733275017975e-01 9.753243251113445922e-01 2.945245106637151555e-01 5.257567791022991210e-01 9.034835383028569922e-01 9.720860438609830734e-01 1.241691750899000107e-01 5.866164268400831938e-01 2.914473677770725302e-01 4.385575351392258514e-01 1.739005472919854245e-01 8.331456457407028504e-02 2.731258144668745058e-01 9.970005501951479943e-01 8.795403549215820016e-01 4.206310447895825755e-01 1.299919703613315325e-01 5.843073471038912059e-01 2.560000000000000000e+02 -5.946999999999999886e+01
6.787634745238242395e-01 3.234259555056481772e-01 4.085139107148107879e-03 3.787128463808961138e-03 9.442298795054534510e-01 3.205609801659321523e-01 3.348712946042977645e-01 6.299352210309131506e-01 3.623596279068643788e-01 8.793182874708233010e-01 8.732252419850938807e-01 6.457914958855939247e-01 1.945123391905969057e-01 2.333790000019746735e-01 8.706667030031640664e-01 4.922472339020687038e-01 5.818183464855872788e-01 4.637706339447522086e-01 4.418323939684516977e-01 6.036538245257567770e-01 3.583152603648198653e-01 2.404226183586348764e-01 4.279567606169879523e-01 8.242597660536568061e-01 3.379184323630031184e-01 5.648309529363804149e-01 6.810044694839416657e-01 9.069772147783835559e-01 4.171804937470733332e-01 7.187724014706049491e-01 3.273568776219242804e-01 5.188046620285310384e-01 2.560000000000000000e+02 -6.357999999999999829e+01
1.264336078774823402e-01 4.771470828356803584e-01 8.846643645840808201e-01 6.610541140999019738e-02 3.904075622563727976e-01 1.627702681745387195e-02 6.006311782398275900e-01 5.033860875402702550e-01 2.800096184941274500e-04 7.143679900271692196e-01 9.992536689226688695e-02 5.811497851014915117e-01 9.076716538263897016e-01 6.509288796237969743e-01 1.048911241285429841e-01 7.372525635569072699e-01 3.010199153331373223e-01 8.054414850335102349e-02 7.398753363291792340e-01 9.315200952535667156e-01 2.129394084907438034e-01 7.334001316944228632e-01 4.906745770617608748e-01 2.026954607600787439e-01 1.407141795013921726e-01 9.566070180993804239e-01 6.593775516880578946e-01 9.863769892476476064e-02 3.226726339601919125e-01 8.618134244780509823e-01 6.694592960664800252e-01 8.243144920233949069e-01 2.560000000000000000e+02 -6.182999999999999829e+01
7.299929245612041262e-01 8.589274683513994368e-01 7.131475235226892861e-01 7.872909723193435294e-01 4.538258909775414462e-01 7.420616327307834048e-01 1.176283766714723983e-01 7.666608554665192976e-01 7.963804484690204522e-01 5.182793470380585577e-01 1.716294154997294319e-01 1.904264239544951054e-01 5.078441854007085254e-01 3.164448190039126363e-01 4.299321385810017104e-01 2.623271914598369545e-02 1.137290134549213821e-01 7.416955806179367228e-01 8.426680491703343323e-01 7.500141176909516094e-01 8.244373062666401353e-01 5.695934182792948830e-01 5.126691389332018942e-03 5.538315199865220251e-01 3.990320977278534742e-01 7.626843017135810365e-01 1.623852509330939720e-01 4.482081314345378042e-01 4.216199503857900877e-01 3.754611869163148596e-01 6.576131149185083791e-01 5.110274096484745954e-02 2.560000000000000000e+02 -6.148000000000000398e+01
7.974036861647653129e-01 2.088943351341312760e-01 3.672157936894929753e-01 3.836291951941803863e-02 1.991187096741315471e-02 2.719852843016020705e-01 9.252374668904957966e-01 8.203134321550162866e-01 3.999693773897597393e-02 7.366878468475536179e-01 9.363259498184026697e-01 3.254680946219351001e-01 2.820030025341288549e-01 9.165912160998095359e-01 5.547582588204521548e-01 4.118633484972956255e-02 5.767843192721168188e-01 8.058967910859330397e-01 3.933269471763822106e-02 4.103468205285062398e-01 6.783616687458818850e-01 9.527799059218785560e-01 3.880545001249601222e-01 4.175409305491766809e-01 3.597425712892839966e-01 5.595502463285514372e-01 9.597359354782267760e-01 1.706606034036823871e-01 4.640126910889033618e-01 6.522266451141995880e-01 5.427103819643114280e-01 1.874692952120950995e-01 2.560000000000000000e+02 -6.171999999999999886e+01
9.631600605217974786e-01 5.775245184194551795e-01 5.542202998801660785e-01 3.288752146376044405e-01 8.269858628019233215e-01 7.108104566023538684e-01 4.741490552555317761e-02 2.016064943269225695e-01 4.507296422056150109e-01 3.719172239656190482e-01 8.941098881043634261e-01 4.979397244398152678e-01 9.996268829186405469e-01 5.365357993096251388e-01 9.207189083974459676e-01 6.120338637524895820e-01 6.878154892080495797e-01 9.745881899606989585e-02 7.404384454238603641e-02 5.389426122281187892e-01 6.933714399753838631e-01 3.258562511715824839e-02 9.707809027690599279e-01 8.393959662740377858e-01 6.040572968590225411e-01 5.850281062468187798e-01 6.242023380668951793e-01 2.057310425514385574e-02 7.370018373790987454e-01 4.251940481798132110e-01 5.235106407158460762e-01 2.079328121444190547e-01 2.560000000000000000e+02 -6.298000000000000398e+01
3.087034056579238822e-02 2.872877560090278740e-02 8.653284191029075867e-01 5.101779257322749395e-01 9.714207587089285223e-01 7.544634620786730972e-01 1.618899683982257809e-01 9.782091504985472585e-02 5.083786472892806163e-01 8.614113313099289737e-01 2.679388875091015532e-01 2.072390011326689097e-01 9.265875924206051772e-01 7.823679907658038779e-01 3.982009472825043250e-01 1.673217999264210998e-01 9.867401361317509334e-01 6.952082185244291557e-01 1.880341626258696663e-01 5.942563621059696599e-01 5.696286996053845364e-01 6.617476681906518943e-01 5.240573447526793993e-01 3.039831808173886277e-02 6.283174260201278560e-01 8.651321221814183282e-01 8.163472485540137491e-01 7.153570007378906581e-01 9.303968070945785040e-01 7.310350721521610695e-02 4.641959863672019959e-01 7.757245831001920999e-01 2.560000000000000000e+02 -6.065999999999999659e+01
4.764503527984788600e-01 9.434625684076954899e-01 9.510567757770663766e-01 8.844578570197746403e-01 6.126021285304638075e-01 1.916381728693959952e-01 2.499167786318880480e-01 4.156577309560869904e-01 2.831685774052919435e-01 4.440165501352817401e-01 1.405470425991337934e-03 3.412915467332881536e-01 1.412184016351026583e-01 1.927290415515472977e-01 5.142436297848173021e-01 1.340750370422004178e-01 3.599476987385586968e-01 5.342156652031638808e-01 4.798248956649088237e-01 8.497281605670334304e-02 3.421430159577896202e-01 4.026114737921336617e-02 5.408771832531377166e-01 1.568282877060238889e-01 7.223675896523726880e-01 1.873145900980404677e-01 9.431522033800144866e-01 5.039273549098505223e-01 7.204968374209314019e-01 3.923281327188873346e-01 7.731374731434627057e-01 2.842585016229235984e-01 2.560000000000000000e+02 -6.134999999999999432e+01
1.426222035981760672e-01 9.107293232955424589e-01 8.575162235967076496e-02 1.420913427527480122e-01 4.084803527691068803e-01 2.146784028498989472e-02 5.872077383095184455e-01 2.407953273527357607e-01 3.957333458492031664e-01 7.375699114425514624e-01 4.588824055956782222e-01 9.761929492998767666e-01 1.840380727689879814e-01 5.919749100153690741e-02 7.869390922084354423e-02 8.706526442451748560e-01 8.496897922317011576e-01 9.371174017201279183e-01 5.012703536480948019e-01 6.648703629328114317e-01 4.445124258623669444e-01 8.272181602681668577e-01 2.425817592395371203e-01 6.731297749681988130e-01 4.577664489410222803e-02 2.369853330121043655e-01 2.519708584930979711e-01 6.452530787344635810e-01 6.432971911549746347e-01 8.849664156338398202e-01 3.553868716777011660e-01 5.740023974028722886e-01 2.560000000000000000e+02 -6.357000000000000028e+01
7.117445925068711654e-01 7.149799319906910977e-01 6.260389977439805298e-01 9.058725571253682940e-01 5.707586153596052592e-01 6.484032665740800949e-01 4.147940200372667863e-01 6.003708090118342611e-01 6.612586554982764486e-01 4.062959552844211952e-01 1.171564640087661147e-01 6.188608050814712325e-01 3.538111109283441635e-01 4.775801416112860354e-01 2.988370410780637476e-01 2.155483107435836043e-01 6.686816511856124023e-01 9.965090809786660841e-01 6.491606659503577070e-01 8.090583029287906625e-01 5.019131553246904132e-02 9.912688572000777354e-01 9.183224254166925116e-01 9.702240401605439768e-01 2.269755248598592789e-01 8.497518616628524368e-01 9.225486635475894648e-01 2.973816788069763573e-01 5.891145832907237478e-01 6.353312823807475418e-01 5.643203467248755212e-01 2.984884254241708668e-01 2.560000000000000000e+02 -6.071000000000000085e+01
5.000000000000000000e-01 5.000000000000000000e-01 5.000000000000000000e-01 5.000000000000000000e-01 5.000000000000000000e-01 5.000000000000000000e-01 5.000000000000000000e-01 5.000000000000000000e-01 5.000000000000000000e-01 5.000000000000000000e-01 5.000000000000000000e-01 5.000000000000000000e-01 5.000000000000000000e-01 5.000000000000000000e-01 5.000000000000000000e-01 5.000000000000000000e-01 5.000000000000000000e-01 5.000000000000000000e-01 5.000000000000000000e-01 5.000000000000000000e-01 5.000000000000000000e-01 5.000000000000000000e-01 5.000000000000000000e-01 5.000000000000000000e-01 5.000000000000000000e-01 5.000000000000000000e-01 5.000000000000000000e-01 5.000000000000000000e-01 5.000000000000000000e-01 5.000000000000000000e-01 5.000000000000000000e-01 5.000000000000000000e-01 2.560000000000000000e+02 -6.071000000000000085e+01
5.000000000000000278e-02 7.903225806451613655e-02 1.080645161290322565e-01 1.370967741935483764e-01 1.661290322580645240e-01 1.951612903225806162e-01 2.241935483870967638e-01 2.532258064516129115e-01 2.822580645161290036e-01 3.112903225806451513e-01 3.403225806451612434e-01 3.693548387096773911e-01 3.983870967741935387e-01 4.274193548387096309e-01 4.564516129032257785e-01 4.854838709677418707e-01 5.145161290322580738e-01 5.435483870967742215e-01 5.725806451612903691e-01 6.016129032258064058e-01 6.306451612903225534e-01 6.596774193548387011e-01 6.887096774193548487e-01 7.177419354838709964e-01 7.467741935483871440e-01 7.758064516129031807e-01 8.048387096774193283e-01 8.338709677419354760e-01 8.629032258064516236e-01 8.919354838709677713e-01 9.209677419354838079e-01 9.499999999999999556e-01 2.560000000000000000e+02 -6.260999999999999943e+01
9.499999999999999556e-01 9.209677419354838079e-01 8.919354838709677713e-01 8.629032258064516236e-01 8.338709677419354760e-01 8.048387096774193283e-01 7.758064516129031807e-01 7.467741935483871440e-01 7.177419354838709964e-01 6.887096774193548487e-01 6.596774193548387011e-01 6.306451612903225534e-01 6.016129032258064058e-01 5.725806451612903691e-01 5.435483870967742215e-01 5.145161290322580738e-01 4.854838709677418707e-01 4.564516129032257785e-01 4.274193548387096309e-01 3.983870967741935387e-01 3.693548387096773911e-01 3.403225806451612434e-01 3.112903225806451513e-01 2.822580645161290036e-01 2.532258064516129115e-01 2.241935483870967638e-01 1.951612903225806162e-01 1.661290322580645240e-01 1.370967741935483764e-01 1.080645161290322565e-01 7.903225806451613655e-02 5.000000000000000278e-02 2.560000000000000000e+02 -5.834999999999999432e+01
5.000000000000000000e-01 5.000000000000000000e-01 5.000000000000000000e-01 5.000000000000000000e-01 5.000000000000000000e-01 5.000000000000000000e-01 5.000000000000000000e-01 5.000000000000000000e-01 5.000000000000000000e-01 5.000000000000000000e-01 5.000000000000000000e-01 5.000000000000000000e-01 5.000000000000000000e-01 5.000000000000000000e-01 5.000000000000000000e-01 5.000000000000000000e-01 5.000000000000000000e-01 5.000000000000000000e-01 5.000000000000000000e-01 5.000000000000000000e-01 5.000000000000000000e-01 5.000000000000000000e-01 5.000000000000000000e-01 5.000000000000000000e-01 5.000000000000000000e-01 5.000000000000000000e-01 5.000000000000000000e-01 5.000000000000000000e-01 5.000000000000000000e-01 5.000000000000000000e-01 5.000000000000000000e-01 5.000000000000000000e-01 2.560000000000000000e+02 -6.071000000000000085e+01
5.000000000000000278e-02 7.903225806451613655e-02 1.080645161290322565e-01 1.370967741935483764e-01 1.661290322580645240e-01 1.951612903225806162e-01 2.241935483870967638e-01 2.532258064516129115e-01 2.822580645161290036e-01 3.112903225806451513e-01 3.403225806451612434e-01 3.693548387096773911e-01 3.983870967741935387e-01 4.274193548387096309e-01 4.564516129032257785e-01 4.854838709677418707e-01 5.145161290322580738e-01 5.435483870967742215e-01 5.725806451612903691e-01 6.016129032258064058e-01 6.306451612903225534e-01 6.596774193548387011e-01 6.887096774193548487e-01 7.177419354838709964e-01 7.467741935483871440e-01 7.758064516129031807e-01 8.048387096774193283e-01 8.338709677419354760e-01 8.629032258064516236e-01 8.919354838709677713e-01 9.209677419354838079e-01 9.499999999999999556e-01 2.560000000000000000e+02 -6.260999999999999943e+01
9.499999999999999556e-01 9.209677419354838079e-01 8.919354838709677713e-01 8.629032258064516236e-01 8.338709677419354760e-01 8.048387096774193283e-01 7.758064516129031807e-01 7.467741935483871440e-01 7.177419354838709964e-01 6.887096774193548487e-01 6.596774193548387011e-01 6.306451612903225534e-01 6.016129032258064058e-01 5.725806451612903691e-01 5.435483870967742215e-01 5.145161290322580738e-01 4.854838709677418707e-01 4.564516129032257785e-01 4.274193548387096309e-01 3.983870967741935387e-01 3.693548387096773911e-01 3.403225806451612434e-01 3.112903225806451513e-01 2.822580645161290036e-01 2.532258064516129115e-01 2.241935483870967638e-01 1.951612903225806162e-01 1.661290322580645240e-01 1.370967741935483764e-01 1.080645161290322565e-01 7.903225806451613655e-02 5.000000000000000278e-02 2.560000000000000000e+02 -5.834999999999999432e+01
5.000000000000000278e-02 1.099999999999999867e-01 1.699999999999999845e-01 2.299999999999999822e-01 2.899999999999999800e-01 3.499999999999999223e-01 4.099999999999999201e-01 4.699999999999999178e-01 5.299999999999999156e-01 5.899999999999999689e-01 6.499999999999999112e-01 7.099999999999999645e-01 7.699999999999999067e-01 8.299999999999999600e-01 8.899999999999999023e-01 9.499999999999999556e-01 9.499999999999999556e-01 8.900000000000000133e-01 8.299999999999999600e-01 7.700000000000000178e-01 7.099999999999999645e-01 6.500000000000000222e-01 5.900000000000000799e-01 5.300000000000000266e-01 4.700000000000000289e-01 4.100000000000000311e-01 3.500000000000000888e-01 2.900000000000000355e-01 2.300000000000000933e-01 1.700000000000000400e-01 1.100000000000000977e-01 5.000000000000000278e-02 2.560000000000000000e+02 -6.167000000000000171e+01
9.499999999999999556e-01 8.900000000000000133e-01 8.300000000000000711e-01 7.700000000000000178e-01 7.099999999999999645e-01 6.500000000000001332e-01 5.900000000000000799e-01 5.300000000000000266e-01 4.700000000000000844e-01 4.100000000000000311e-01 3.500000000000000888e-01 2.900000000000000355e-01 2.300000000000000933e-01 1.700000000000000400e-01 1.100000000000000977e-01 5.000000000000004441e-02 5.000000000000004441e-02 1.099999999999999867e-01 1.700000000000000400e-01 2.299999999999999822e-01 2.900000000000000355e-01 3.499999999999999778e-01 4.099999999999999201e-01 4.699999999999999734e-01 5.300000000000000266e-01 5.899999999999999689e-01 6.499999999999999112e-01 7.099999999999999645e-01 7.699999999999999067e-01 8.299999999999999600e-01 8.899999999999999023e-01 9.499999999999999556e-01 2.560000000000000000e+02 -6.034999999999999432e+01
1.499999999999999944e-01 8.499999999999999778e-01 1.499999999999999944e-01 8.499999999999999778e-01 1.499999999999999944e-01 8.499999999999999778e-01 1.499999999999999944e-01 8.499999999999999778e-01 1.499999999999999944e-01 8.499999999999999778e-01 1.499999999999999944e-01 8.499999999999999778e-01 1.499999999999999944e-01 8.499999999999999778e-01 1.499999999999999944e-01 8.499999999999999778e-01 1.499999999999999944e-01 8.499999999999999778e-01 1.499999999999999944e-01 8.499999999999999778e-01 1.499999999999999944e-01 8.499999999999999778e-01 1.499999999999999944e-01 8.499999999999999778e-01 1.499999999999999944e-01 8.499999999999999778e-01 1.499999999999999944e-01 8.499999999999999778e-01 1.499999999999999944e-01 8.499999999999999778e-01 1.499999999999999944e-01 8.499999999999999778e-01 2.560000000000000000e+02 -6.076999999999999602e+01
1.625000000000000056e-01 1.062500000000000111e-01 1.062500000000000111e-01 1.062500000000000111e-01 1.625000000000000056e-01 1.062500000000000111e-01 1.062500000000000111e-01 1.062500000000000111e-01 9.500000000000000666e-01 1.062500000000000111e-01 1.062500000000000111e-01 1.062500000000000111e-01 9.500000000000000666e-01 1.062500000000000111e-01 9.500000000000000666e-01 9.500000000000000666e-01 9.500000000000000666e-01 1.062500000000000111e-01 9.500000000000000666e-01 9.500000000000000666e-01 9.500000000000000666e-01 1.625000000000000056e-01 1.625000000000000056e-01 5.000000000000000000e-01 1.062500000000000111e-01 9.500000000000000666e-01 5.000000000000000000e-01 1.062500000000000111e-01 1.062500000000000111e-01 1.062500000000000111e-01 9.500000000000000666e-01 9.500000000000000666e-01 2.560000000000000000e+02 -6.264000000000000057e+01
5.499596620578787176e-01 6.483548188835264181e-01 4.031573756688733856e-01 1.958032880261222908e-01 2.704009991651217804e-01 5.574613117508135929e-01 2.675124162838839470e-01 9.076545228512565844e-01 9.750881068470830249e-01 5.885783967192788069e-01 8.955207968557677978e-01 2.299666373827536359e-01 1.705502977979132806e-01 4.687976438986074523e-01 6.241754460553111672e-01 6.665951276318247132e-01 2.051066005658749858e-01 5.973376488339716683e-01 9.677507933637109483e-01 7.800854691737262314e-01 6.406054641060090482e-01 2.641205845587580869e-01 5.860846633778217241e-01 2.466163523058121088e-01 5.789845308022084636e-01 3.502848306260404332e-01 5.768673578580290062e-01 8.462947572284763575e-01 6.796250054397709461e-02 6.417819552423570384e-02 8.017540475474302930e-01 9.201571036738644960e-01 2.560000000000000000e+02 -6.103000000000000114e+01
