5.000000000000000000e-01 5.000000000000000000e-01 5.000000000000000000e-01 5.000000000000000000e-01 5.000000000000000000e-01 5.000000000000000000e-01 5.000000000000000000e-01 5.000000000000000000e-01 5.000000000000000000e-01 5.000000000000000000e-01 5.000000000000000000e-01 5.000000000000000000e-01 5.000000000000000000e-01 5.000000000000000000e-01 5.000000000000000000e-01 5.000000000000000000e-01 5.000000000000000000e-01 5.000000000000000000e-01 5.000000000000000000e-01 5.000000000000000000e-01 5.000000000000000000e-01 5.000000000000000000e-01 5.000000000000000000e-01 5.000000000000000000e-01 5.000000000000000000e-01 5.000000000000000000e-01 5.000000000000000000e-01 5.000000000000000000e-01 5.000000000000000000e-01 5.000000000000000000e-01 5.000000000000000000e-01 5.000000000000000000e-01 6.400000000000000000e+01 -7.636363636363636687e+00
5.000000000000000278e-02 7.903225806451613655e-02 1.080645161290322565e-01 1.370967741935483764e-01 1.661290322580645240e-01 1.951612903225806162e-01 2.241935483870967638e-01 2.532258064516129115e-01 2.822580645161290036e-01 3.112903225806451513e-01 3.403225806451612434e-01 3.693548387096773911e-01 3.983870967741935387e-01 4.274193548387096309e-01 4.564516129032257785e-01 4.854838709677418707e-01 5.145161290322580738e-01 5.435483870967742215e-01 5.725806451612903691e-01 6.016129032258064058e-01 6.306451612903225534e-01 6.596774193548387011e-01 6.887096774193548487e-01 7.177419354838709964e-01 7.467741935483871440e-01 7.758064516129031807e-01 8.048387096774193283e-01 8.338709677419354760e-01 8.629032258064516236e-01 8.919354838709677713e-01 9.209677419354838079e-01 9.499999999999999556e-01 6.400000000000000000e+01 -7.636363636363636687e+00
9.499999999999999556e-01 9.209677419354838079e-01 8.919354838709677713e-01 8.629032258064516236e-01 8.338709677419354760e-01 8.048387096774193283e-01 7.758064516129031807e-01 7.467741935483871440e-01 7.177419354838709964e-01 6.887096774193548487e-01 6.596774193548387011e-01 6.306451612903225534e-01 6.016129032258064058e-01 5.725806451612903691e-01 5.435483870967742215e-01 5.145161290322580738e-01 4.854838709677418707e-01 4.564516129032257785e-01 4.274193548387096309e-01 3.983870967741935387e-01 3.693548387096773911e-01 3.403225806451612434e-01 3.112903225806451513e-01 2.822580645161290036e-01 2.532258064516129115e-01 2.241935483870967638e-01 1.951612903225806162e-01 1.661290322580645240e-01 1.370967741935483764e-01 1.080645161290322565e-01 7.903225806451613655e-02 5.000000000000000278e-02 6.400000000000000000e+01 -7.636363636363636687e+00
5.000000000000000278e-02 1.099999999999999867e-01 1.699999999999999845e-01 2.299999999999999822e-01 2.899999999999999800e-01 3.499999999999999223e-01 4.099999999999999201e-01 4.699999999999999178e-01 5.299999999999999156e-01 5.899999999999999689e-01 6.499999999999999112e-01 7.099999999999999645e-01 7.699999999999999067e-01 8.299999999999999600e-01 8.899999999999999023e-01 9.499999999999999556e-01 9.499999999999999556e-01 8.900000000000000133e-01 8.299999999999999600e-01 7.700000000000000178e-01 7.099999999999999645e-01 6.500000000000000222e-01 5.900000000000000799e-01 5.300000000000000266e-01 4.700000000000000289e-01 4.100000000000000311e-01 3.500000000000000888e-01 2.900000000000000355e-01 2.300000000000000933e-01 1.700000000000000400e-01 1.100000000000000977e-01 5.000000000000000278e-02 6.400000000000000000e+01 -7.636363636363636687e+00
9.499999999999999556e-01 8.900000000000000133e-01 8.300000000000000711e-01 7.700000000000000178e-01 7.099999999999999645e-01 6.500000000000001332e-01 5.900000000000000799e-01 5.300000000000000266e-01 4.700000000000000844e-01 4.100000000000000311e-01 3.500000000000000888e-01 2.900000000000000355e-01 2.300000000000000933e-01 1.700000000000000400e-01 1.100000000000000977e-01 5.000000000000004441e-02 5.000000000000004441e-02 1.099999999999999867e-01 1.700000000000000400e-01 2.299999999999999822e-01 2.900000000000000355e-01 3.499999999999999778e-01 4.099999999999999201e-01 4.699999999999999734e-01 5.300000000000000266e-01 5.899999999999999689e-01 6.499999999999999112e-01 7.099999999999999645e-01 7.699999999999999067e-01 8.299999999999999600e-01 8.899999999999999023e-01 9.499999999999999556e-01 6.400000000000000000e+01 -7.636363636363636687e+00
1.499999999999999944e-01 8.499999999999999778e-01 1.499999999999999944e-01 8.499999999999999778e-01 1.499999999999999944e-01 8.499999999999999778e-01 1.499999999999999944e-01 8.499999999999999778e-01 1.499999999999999944e-01 8.499999999999999778e-01 1.499999999999999944e-01 8.499999999999999778e-01 1.499999999999999944e-01 8.499999999999999778e-01 1.499999999999999944e-01 8.499999999999999778e-01 1.499999999999999944e-01 8.499999999999999778e-01 1.499999999999999944e-01 8.499999999999999778e-01 1.499999999999999944e-01 8.499999999999999778e-01 1.499999999999999944e-01 8.499999999999999778e-01 1.499999999999999944e-01 8.499999999999999778e-01 1.499999999999999944e-01 8.499999999999999778e-01 1.499999999999999944e-01 8.499999999999999778e-01 1.499999999999999944e-01 8.499999999999999778e-01 6.400000000000000000e+01 -7.636363636363636687e+00
3.499999999999999778e-01 6.500000000000000222e-01 3.499999999999999778e-01 6.500000000000000222e-01 3.499999999999999778e-01 6.500000000000000222e-01 3.499999999999999778e-01 6.500000000000000222e-01 3.499999999999999778e-01 6.500000000000000222e-01 3.499999999999999778e-01 6.500000000000000222e-01 3.499999999999999778e-01 6.500000000000000222e-01 3.499999999999999778e-01 6.500000000000000222e-01 3.499999999999999778e-01 6.500000000000000222e-01 3.499999999999999778e-01 6.500000000000000222e-01 3.499999999999999778e-01 6.500000000000000222e-01 3.499999999999999778e-01 6.500000000000000222e-01 3.499999999999999778e-01 6.500000000000000222e-01 3.499999999999999778e-01 6.500000000000000222e-01 3.499999999999999778e-01 6.500000000000000222e-01 3.499999999999999778e-01 6.500000000000000222e-01 6.400000000000000000e+01 -7.636363636363636687e+00
5.499596620578787176e-01 6.483548188835264181e-01 4.031573756688733856e-01 1.958032880261222908e-01 2.704009991651217804e-01 5.574613117508135929e-01 2.675124162838839470e-01 9.076545228512565844e-01 9.750881068470830249e-01 5.885783967192788069e-01 8.955207968557677978e-01 2.299666373827536359e-01 1.705502977979132806e-01 4.687976438986074523e-01 6.241754460553111672e-01 6.665951276318247132e-01 2.051066005658749858e-01 5.973376488339716683e-01 9.677507933637109483e-01 7.800854691737262314e-01 6.406054641060090482e-01 2.641205845587580869e-01 5.860846633778217241e-01 2.466163523058121088e-01 5.789845308022084636e-01 3.502848306260404332e-01 5.768673578580290062e-01 8.462947572284763575e-01 6.796250054397709461e-02 6.417819552423570384e-02 8.017540475474302930e-01 9.201571036738644960e-01 6.400000000000000000e+01 -7.636363636363636687e+00
2.622698287316063692e-01 9.632098608288813812e-03 5.165716392603276752e-01 5.768566574680376036e-01 6.782206125259221396e-01 5.876394429973132993e-01 7.841409629724142016e-01 2.733712923657345972e-01 5.365866490939278366e-01 6.474857220674236080e-01 2.002105894633453009e-01 5.133235330574751482e-02 4.634996590896091062e-01 3.494233067375930313e-01 8.326469505674507499e-01 7.920917722293130403e-01 9.072141006962872734e-01 2.441623709352906679e-01 9.592898229432198498e-01 4.486929966054843399e-01 5.155760419871965317e-01 1.376924240280757994e-01 4.736147129171294767e-01 2.752941869705160822e-03 9.218405382814913729e-01 5.337959542312068484e-01 8.455907339814657808e-01 2.146798765276285714e-01 3.532994023657911598e-01 3.627727888303389214e-01 9.088807973080816893e-01 2.804788845225503202e-01 6.400000000000000000e+01 -7.636363636363636687e+00
4.568320962797169787e-02 3.051490326569460398e-01 5.339207433116736068e-01 4.231786628204712297e-01 3.714424855602773690e-01 9.655201246498605616e-02 4.539878766960424583e-01 2.543758490909631687e-01 6.154476124719353569e-01 1.424411261214202085e-01 6.197530597665543706e-01 7.428262150917537276e-01 4.766836470389648750e-01 6.195256419179864249e-01 4.627334587545043343e-01 5.718989194723496094e-01 3.964998813585250415e-01 5.528711660013653217e-01 5.634784228254976490e-01 4.273416344066880979e-01 7.323745718622118317e-02 4.824091070515960089e-01 4.993602555629323425e-01 2.859860885000230502e-01 4.088670828404711299e-01 9.259741498757690925e-01 7.381239520014564182e-01 6.623379503475317065e-02 7.603829072103838183e-01 2.873061297674525325e-02 2.757631347469570726e-01 1.188422140819004528e-04 6.400000000000000000e+01 -7.636363636363636687e+00
