x y c
0 0 -1.0000
1 0 -1.0000
2 0 -1.0000
3 0 -0.1420
4 0 -1.0000
5 0 -1.0000
6 0 -1.0000
7 0 -0.2451
8 0 -1.0000
9 0 -1.0000
10 0 -1.0000
11 0 1.0389
12 0 -1.0000
13 0 -0.7521
14 0 0.8009
15 0 0.4998
16 0 -1.0000
17 0 -1.0000
18 0 0.3750
19 0 -1.0000
20 0 0.3038
21 0 0.5078
22 0 1.0279
23 0 1.0389
24 0 0.8074
25 0 -1.0000
26 0 0.8009
27 0 0.5699
28 0 -1.0000
29 0 0.6653
30 0 0.8765
31 0 -1.0000

0 1 -1.4001
1 1 -2.0000
2 1 -2.0000
3 1 -2.0000
4 1 -1.4001
5 1 -2.0000
6 1 -2.0000
7 1 -2.0000
8 1 1.1497
9 1 -2.0000
10 1 -2.0000
11 1 -2.0000
12 1 1.1497
13 1 -2.0000
14 1 1.1497
15 1 1.1497
16 1 1.1497
17 1 -2.0000
18 1 1.1497
19 1 1.1497
20 1 1.1497
21 1 -1.4001
22 1 -1.4001
23 1 0.2240
24 1 -2.0000
25 1 1.1497
26 1 0.2240
27 1 -2.0000
28 1 -2.0000
29 1 -2.0000
30 1 1.1472
31 1 1.1472

0 2 -1.4001
1 2 -2.0113
2 2 -2.0113
3 2 -2.0113
4 2 -1.4001
5 2 -2.0113
6 2 -2.0113
7 2 -2.0113
8 2 1.1510
9 2 -2.0113
10 2 -2.0113
11 2 -2.0113
12 2 1.1510
13 2 -2.0113
14 2 1.1510
15 2 1.1510
16 2 1.1510
17 2 -2.0113
18 2 1.1510
19 2 1.1510
20 2 1.1510
21 2 -1.4001
22 2 -1.4001
23 2 0.2240
24 2 -2.0113
25 2 1.1510
26 2 0.2240
27 2 -2.0113
28 2 -2.0113
29 2 -2.0113
30 2 1.1510
31 2 1.1510

0 3 -1.7239
1 3 0.9498
2 3 -2.4608
3 3 -1.7285
4 3 -0.2072
5 3 -3.0000
6 3 0.3163
7 3 -0.9693
8 3 -0.2518
9 3 0.6457
10 3 -0.0386
11 3 1.0498
12 3 -1.3561
13 3 -2.9888
14 3 -2.5821
15 3 0.8849
16 3 0.8502
17 3 0.9908
18 3 0.0888
19 3 0.4959
20 3 -0.0856
21 3 0.8114
22 3 -0.9583
23 3 0.5137
24 3 -3.0000
25 3 -0.9916
26 3 -0.9046
27 3 0.4533
28 3 0.4481
29 3 0.9084
30 3 -0.4075
31 3 0.2842

0 4 -1.0000
1 4 -1.0000
2 4 1.5546
3 4 -1.0000
4 4 -1.0000
5 4 1.5546
6 4 -1.0000
7 4 -1.0000
8 4 -1.0000
9 4 -1.0000
10 4 1.5546
11 4 -1.0000
12 4 -1.0000
13 4 -1.0000
14 4 1.5507
15 4 -0.2318
16 4 -1.0000
17 4 -1.0000
18 4 0.6294
19 4 -1.0000
20 4 1.5507
21 4 -1.0000
22 4 -1.0000
23 4 -1.0000
24 4 1.5507
25 4 -1.0000
26 4 -1.0000
27 4 -1.0000
28 4 -1.0000
29 4 -1.0000
30 4 -1.0000
31 4 -1.0000

0 5 -1.4454
1 5 -1.4454
2 5 1.7074
3 5 -1.4454
4 5 -0.8401
5 5 1.7074
6 5 -1.4454
7 5 -1.4454
8 5 -0.8401
9 5 -0.8401
10 5 1.7074
11 5 -1.4454
12 5 -1.4454
13 5 -0.8401
14 5 1.7074
15 5 -0.0811
16 5 -1.4454
17 5 -1.4454
18 5 0.7814
19 5 -1.4454
20 5 1.7074
21 5 -1.4454
22 5 -1.4454
23 5 -1.4608
24 5 1.7074
25 5 -1.4608
26 5 -1.4608
27 5 -1.4608
28 5 -1.4608
29 5 -1.4608
30 5 -1.4608
31 5 -0.8401

0 6 0.0000
1 6 0.0000
2 6 0.0000
3 6 0.0000
4 6 0.0000
5 6 0.0000
6 6 0.0000
7 6 0.0000
8 6 0.0000
9 6 0.0000
10 6 0.0000
11 6 0.0000
12 6 0.0000
13 6 0.0000
14 6 0.0000
15 6 0.0000
16 6 0.0000
17 6 0.0000
18 6 0.0000
19 6 0.0000
20 6 0.0000
21 6 0.0000
22 6 0.0000
23 6 0.0000
24 6 0.0000
25 6 0.0000
26 6 0.0000
27 6 0.0000
28 6 0.0000
29 6 0.0000
30 6 0.0000
31 6 0.0000

0 7 -1.4531
1 7 -1.4531
2 7 1.7078
3 7 -1.4531
4 7 -0.8376
5 7 1.7078
6 7 -1.4531
7 7 -1.4531
8 7 -0.8376
9 7 -0.8401
10 7 1.7078
11 7 -1.4531
12 7 -1.4531
13 7 -0.8401
14 7 1.7078
15 7 -0.0796
16 7 -1.4531
17 7 -1.4531
18 7 0.7822
19 7 -1.4531
20 7 1.7078
21 7 -1.4531
22 7 -1.4531
23 7 -1.4531
24 7 1.7078
25 7 -1.4531
26 7 -1.4531
27 7 -1.4531
28 7 -1.4531
29 7 -1.4531
30 7 -1.4531
31 7 -0.8401

0 8 -1.0000
1 8 -1.0000
2 8 -1.0000
3 8 -1.0000
4 8 -0.8707
5 8 -0.6077
6 8 -0.3706
7 8 -0.1798
8 8 0.0000
9 8 0.1497
10 8 0.2946
11 8 0.4179
12 8 0.5314
13 8 0.6439
14 8 0.7415
15 8 0.8392
16 8 0.8392
17 8 0.7415
18 8 0.6439
19 8 0.5314
20 8 0.4179
21 8 0.2946
22 8 0.1497
23 8 0.0000
24 8 -0.1798
25 8 -0.3706
26 8 -0.6077
27 8 -0.8707
28 8 -1.0000
29 8 -1.0000
30 8 -1.0000
31 8 -1.0000

0 9 0.0000
1 9 0.0000
2 9 0.0000
3 9 0.0000
4 9 0.0000
5 9 0.0000
6 9 0.0000
7 9 0.0000
8 9 0.0000
9 9 0.0000
10 9 0.0000
11 9 0.0000
12 9 0.0000
13 9 0.0000
14 9 0.0000
15 9 0.0000
16 9 0.0000
17 9 0.0000
18 9 0.0000
19 9 0.0000
20 9 0.0000
21 9 0.0000
22 9 0.0000
23 9 0.0000
24 9 0.0000
25 9 0.0000
26 9 0.0000
27 9 0.0000
28 9 0.0000
29 9 0.0000
30 9 0.0000
31 9 0.0000

0 10 0.9410
1 10 0.9410
2 10 0.9410
3 10 -2.2186
4 10 0.9410
5 10 -2.2186
6 10 -2.2186
7 10 -2.2186
8 10 0.0168
9 10 0.0168
10 10 0.9410
11 10 -1.6077
12 10 -2.2186
13 10 0.9410
14 10 0.9410
15 10 0.9410
16 10 0.9410
17 10 -0.8452
18 10 0.9410
19 10 -2.2186
20 10 -2.2186
21 10 -2.2186
22 10 -2.2186
23 10 -2.2186
24 10 -2.2186
25 10 0.9410
26 10 -2.2186
27 10 -1.6077
28 10 0.0168
29 10 0.9410
30 10 0.9410
31 10 -2.2186

0 11 0.6239
1 11 0.5565
2 11 -0.8785
3 11 -0.9666
4 11 0.4564
5 11 -2.3276
6 11 -0.3761
7 11 0.7406
8 11 0.5755
9 11 -0.7930
10 11 0.4615
11 11 0.3630
12 11 -3.0000
13 11 0.3945
14 11 0.6961
15 11 0.0901
16 11 -0.3223
17 11 0.6573
18 11 0.1812
19 11 0.1898
20 11 0.7698
21 11 -2.5324
22 11 -0.5406
23 11 -1.3382
24 11 -0.0371
25 11 0.3707
26 11 -1.9666
27 11 -1.4378
28 11 0.6375
29 11 0.5746
30 11 -0.4416
31 11 -0.2485

0 12 -1.0000
1 12 0.6439
2 12 -1.0000
3 12 -0.5571
4 12 -1.0000
5 12 -1.0000
6 12 -1.0000
7 12 -1.0000
8 12 -1.0000
9 12 -1.0000
10 12 0.7279
11 12 -1.0000
12 12 -1.0000
13 12 0.9830
14 12 0.6724
15 12 0.3837
16 12 0.9542
17 12 0.9830
18 12 -0.0458
19 12 0.9830
20 12 0.7944
21 12 -1.0000
22 12 -1.0000
23 12 -1.0000
24 12 0.9484
25 12 -1.0000
26 12 -1.0000
27 12 -1.0000
28 12 -1.0000
29 12 -1.0000
30 12 0.7944
31 12 0.9773

0 13 -1.1545
1 13 -0.2858
2 13 0.6402
3 13 0.6402
4 13 -0.2858
5 13 -1.9125
6 13 -2.0000
7 13 0.6402
8 13 -2.0000
9 13 -2.0000
10 13 0.6402
11 13 -1.1545
12 13 0.6402
13 13 0.6402
14 13 -1.9125
15 13 0.6402
16 13 -1.1545
17 13 0.6402
18 13 0.6402
19 13 0.6402
20 13 0.6402
21 13 -2.0000
22 13 -2.0000
23 13 0.6402
24 13 0.6402
25 13 -2.0000
26 13 0.6366
27 13 0.6366
28 13 -2.0000
29 13 0.6366
30 13 0.6366
31 13 -2.0000

0 14 -3.0000
1 14 -2.1926
2 14 -1.5571
3 14 -1.1235
4 14 -0.7905
5 14 -0.5162
6 14 -0.2892
7 14 -0.0901
8 14 0.0821
9 14 0.2360
10 14 0.3772
11 14 0.5038
12 14 0.6202
13 14 0.7296
14 14 0.8297
15 14 0.9233
16 14 0.9233
17 14 0.8297
18 14 0.7296
19 14 0.6202
20 14 0.5038
21 14 0.3772
22 14 0.2360
23 14 0.0821
24 14 -0.0901
25 14 -0.2892
26 14 -0.5162
27 14 -0.7905
28 14 -1.1235
29 14 -1.5571
30 14 -2.1926
31 14 -3.0000

0 15 0.1176
1 15 0.4909
2 15 0.1948
3 15 -1.7239
4 15 -0.7403
5 15 -0.8837
6 15 -3.0000
7 15 0.5245
8 15 -0.9583
9 15 -0.0976
10 15 -0.1037
11 15 0.9106
12 15 0.4273
13 15 -0.0342
14 15 -0.4922
15 15 -0.1158
16 15 0.5333
17 15 -0.0619
18 15 0.0688
19 15 -1.0841
20 15 0.7048
21 15 -0.2351
22 15 0.0647
23 15 0.2167
24 15 0.0661
25 15 0.2396
26 15 -2.5081
27 15 -1.4843
28 15 0.8202
29 15 0.3966
30 15 0.3966
31 15 0.5196

0 16 0.0000
1 16 0.0000
2 16 0.0000
3 16 0.0000
4 16 0.0000
5 16 0.0000
6 16 0.0000
7 16 0.0000
8 16 0.0000
9 16 0.0000
10 16 0.0000
11 16 0.0000
12 16 0.0000
13 16 0.0000
14 16 0.0000
15 16 0.0000
16 16 0.0000
17 16 0.0000
18 16 0.0000
19 16 0.0000
20 16 0.0000
21 16 0.0000
22 16 0.0000
23 16 0.0000
24 16 0.0000
25 16 0.0000
26 16 0.0000
27 16 0.0000
28 16 0.0000
29 16 0.0000
30 16 0.0000
31 16 0.0000

0 17 -0.6871
1 17 0.6970
2 17 0.0875
3 17 0.4346
4 17 -2.0000
5 17 -0.6513
6 17 0.2479
7 17 -2.0000
8 17 0.4346
9 17 0.8202
10 17 0.0607
11 17 -0.3779
12 17 -0.4150
13 17 -1.0113
14 17 -0.2585
15 17 0.2336
16 17 0.7682
17 17 -0.2585
18 17 -2.0000
19 17 0.7381
20 17 -2.0000
21 17 0.3923
22 17 0.8765
23 17 -0.7146
24 17 0.7245
25 17 0.5812
26 17 0.4512
27 17 -0.5991
28 17 -1.3418
29 17 -0.1735
30 17 -1.9339
31 17 0.7211

0 18 1.0980
1 18 -1.4531
2 18 -2.0575
3 18 1.0980
4 18 -2.0575
5 18 -2.0575
6 18 1.0980
7 18 0.1724
8 18 -2.0575
9 18 -2.0575
10 18 1.0980
11 18 1.0980
12 18 -2.0575
13 18 1.0980
14 18 1.0980
15 18 0.1724
16 18 1.0980
17 18 -0.6917
18 18 -2.0575
19 18 -2.0575
20 18 0.1724
21 18 -2.0575
22 18 -2.0575
23 18 -2.0575
24 18 -1.4531
25 18 -2.0693
26 18 -2.0693
27 18 1.0980
28 18 -1.4531
29 18 -2.0693
30 18 1.0980
31 18 1.0980

0 19 -3.0000
1 19 -3.0000
2 19 -3.0000
3 19 -3.0000
4 19 -3.0000
5 19 -3.0000
6 19 0.7582
7 19 0.3869
8 19 -3.0000
9 19 -3.0000
10 19 0.7082
11 19 1.6389
12 19 -3.0000
13 19 1.5023
14 19 1.4873
15 19 0.4533
16 19 1.3032
17 19 1.6152
18 19 -3.0000
19 19 -3.0000
20 19 1.8922
21 19 -3.0000
22 19 -0.1703
23 19 -3.0000
24 19 -3.0000
25 19 -3.0000
26 19 -3.0000
27 19 1.8677
28 19 -3.0000
29 19 -3.0000
30 19 0.1935
31 19 0.1948

0 20 -1.0000
1 20 -1.0000
2 20 -1.0000
3 20 -1.0000
4 20 -1.0000
5 20 -1.0000
6 20 -1.0000
7 20 -1.0000
8 20 1.1749
9 20 -1.0000
10 20 1.0224
11 20 0.6795
12 20 -1.0000
13 20 -1.0000
14 20 1.1749
15 20 0.7482
16 20 -1.0000
17 20 1.1749
18 20 1.1749
19 20 -1.0000
20 20 -0.8707
21 20 -1.0000
22 20 -0.2451
23 20 -1.0000
24 20 1.1749
25 20 -1.0000
26 20 -0.0113
27 20 1.1548
28 20 -1.0000
29 20 -1.0000
30 20 0.3663
31 20 -1.0000

