x y c
0 0 -1.7482
1 0 -2.7482
2 0 -2.7482
3 0 -2.7482
4 0 -1.7482
5 0 -2.7482
6 0 -2.7482
7 0 -2.7482
8 0 1.2518
9 0 -2.7482
10 0 -2.7482
11 0 -2.7482
12 0 1.2518
13 0 -2.7482
14 0 1.2518
15 0 1.2518
16 0 1.2518
17 0 -2.7482
18 0 1.2518
19 0 1.2518
20 0 1.2518
21 0 -1.7482
22 0 -1.7482
23 0 0.2518
24 0 -2.7482
25 0 1.2518
26 0 0.2518
27 0 -2.7482
28 0 -2.7482
29 0 -2.7482
30 0 1.2518
31 0 1.2518

0 1 -2.0980
1 1 -2.0980
2 1 1.9020
3 1 -2.0980
4 1 -1.0980
5 1 1.9020
6 1 -2.0980
7 1 -2.0980
8 1 -1.0980
9 1 -1.0980
10 1 1.9020
11 1 -2.0980
12 1 -2.0980
13 1 -1.0980
14 1 1.9020
15 1 -0.0980
16 1 -2.0980
17 1 -2.0980
18 1 0.9020
19 1 -2.0980
20 1 1.9020
21 1 -2.0980
22 1 -2.0980
23 1 -2.0980
24 1 1.9020
25 1 -2.0980
26 1 -2.0980
27 1 -2.0980
28 1 -2.0980
29 1 -2.0980
30 1 -2.0980
31 1 -1.0980

0 2 1.0170
1 2 1.0170
2 2 1.0170
3 2 -2.9830
4 2 1.0170
5 2 -2.9830
6 2 -2.9830
7 2 -2.9830
8 2 0.0170
9 2 0.0170
10 2 1.0170
11 2 -1.9830
12 2 -2.9830
13 2 1.0170
14 2 1.0170
15 2 1.0170
16 2 1.0170
17 2 -0.9830
18 2 1.0170
19 2 -2.9830
20 2 -2.9830
21 2 -2.9830
22 2 -2.9830
23 2 -2.9830
24 2 -2.9830
25 2 1.0170
26 2 -2.9830
27 2 -1.9830
28 2 0.0170
29 2 1.0170
30 2 1.0170
31 2 -2.9830

0 3 -3.0000
1 3 0.4843
2 3 0.4843
3 3 0.4843
4 3 -1.5157
5 3 0.4843
6 3 0.4843
7 3 0.4843
8 3 0.4843
9 3 0.4843
10 3 0.4843
11 3 -1.5157
12 3 -3.0000
13 3 -0.5157
14 3 0.4843
15 3 0.4843
16 3 0.4843
17 3 -0.5157
18 3 0.4843
19 3 -3.0000
20 3 0.4843
21 3 0.4843
22 3 0.4843
23 3 0.4843
24 3 0.4843
25 3 0.4843
26 3 -3.0000
27 3 -3.0000
28 3 0.4843
29 3 -0.5157
30 3 -0.5157
31 3 -3.0000

0 4 -3.0000
1 4 -1.7781
2 4 0.2219
3 4 -2.7781
4 4 -3.0000
5 4 1.2219
6 4 -1.7781
7 4 -0.7781
8 4 0.2219
9 4 -3.0000
10 4 1.2219
11 4 0.2219
12 4 -2.7781
13 4 -0.7781
14 4 1.2219
15 4 1.2219
16 4 1.2219
17 4 1.2219
18 4 -3.0000
19 4 -3.0000
20 4 1.2219
21 4 -2.7781
22 4 1.2219
23 4 1.2219
24 4 1.2219
25 4 -0.7781
26 4 -1.7781
27 4 0.2219
28 4 -3.0000
29 4 -3.0000
30 4 -0.7781
31 4 -3.0000

0 5 -1.2621
1 5 -0.2621
2 5 0.7379
3 5 0.7379
4 5 -0.2621
5 5 -2.2621
6 5 -3.0000
7 5 0.7379
8 5 -3.0000
9 5 -3.0000
10 5 0.7379
11 5 -1.2621
12 5 0.7379
13 5 0.7379
14 5 -2.2621
15 5 0.7379
16 5 -1.2621
17 5 0.7379
18 5 0.7379
19 5 0.7379
20 5 0.7379
21 5 -3.0000
22 5 -3.0000
23 5 0.7379
24 5 0.7379
25 5 -3.0000
26 5 0.7379
27 5 0.7379
28 5 -3.0000
29 5 0.7379
30 5 0.7379
31 5 -3.0000

0 6 1.1926
1 6 -1.8074
2 6 -2.8074
3 6 1.1926
4 6 -2.8074
5 6 -2.8074
6 6 1.1926
7 6 0.1926
8 6 -2.8074
9 6 -2.8074
10 6 1.1926
11 6 1.1926
12 6 -2.8074
13 6 1.1926
14 6 1.1926
15 6 0.1926
16 6 1.1926
17 6 -0.8074
18 6 -2.8074
19 6 -2.8074
20 6 0.1926
21 6 -2.8074
22 6 -2.8074
23 6 -2.8074
24 6 -1.8074
25 6 -2.8074
26 6 -2.8074
27 6 1.1926
28 6 -1.8074
29 6 -2.8074
30 6 1.1926
31 6 1.1926

0 7 -3.0000
1 7 -0.0168
2 7 0.9832
3 7 -3.0000
4 7 -3.0000
5 7 0.9832
6 7 -3.0000
7 7 -3.0000
8 7 -3.0000
9 7 -3.0000
10 7 0.9832
11 7 -3.0000
12 7 0.9832
13 7 0.9832
14 7 0.9832
15 7 0.9832
16 7 -3.0000
17 7 0.9832
18 7 0.9832
19 7 -3.0000
20 7 -3.0000
21 7 0.9832
22 7 -3.0000
23 7 0.9832
24 7 -0.0168
25 7 0.9832
26 7 -3.0000
27 7 -3.0000
28 7 -1.0168
29 7 0.9832
30 7 0.9832
31 7 -3.0000

0 8 -3.0000
1 8 -3.0000
2 8 0.8915
3 8 0.8915
4 8 0.8915
5 8 -3.0000
6 8 -3.0000
7 8 0.8915
8 8 -0.1085
9 8 0.8915
10 8 0.8915
11 8 0.8915
12 8 -3.0000
13 8 0.8915
14 8 -0.1085
15 8 0.8915
16 8 0.8915
17 8 0.8915
18 8 -2.1085
19 8 -3.0000
20 8 0.8915
21 8 0.8915
22 8 -3.0000
23 8 -3.0000
24 8 0.8915
25 8 -3.0000
26 8 -3.0000
27 8 -2.1085
28 8 -1.1085
29 8 -3.0000
30 8 -3.0000
31 8 0.8915

0 9 0.9099
1 9 0.9099
2 9 0.9099
3 9 -2.0901
4 9 -3.0000
5 9 -3.0000
6 9 -2.0901
7 9 0.9099
8 9 0.9099
9 9 -3.0000
10 9 0.9099
11 9 0.9099
12 9 0.9099
13 9 0.9099
14 9 0.9099
15 9 0.9099
16 9 0.9099
17 9 0.9099
18 9 -3.0000
19 9 -3.0000
20 9 -2.0901
21 9 -2.0901
22 9 -3.0000
23 9 0.9099
24 9 0.9099
25 9 -3.0000
26 9 -3.0000
27 9 0.9099
28 9 -3.0000
29 9 -3.0000
30 9 -1.0901
31 9 -2.0901

