1.000000000000000056e-01 1.000000000000000056e-01 1.000000000000000056e-01 1.000000000000000056e-01 1.000000000000000056e-01 1.000000000000000056e-01 1.000000000000000056e-01 1.000000000000000056e-01 1.000000000000000056e-01 1.000000000000000056e-01 1.000000000000000056e-01 1.000000000000000056e-01 1.000000000000000056e-01 1.000000000000000056e-01 1.000000000000000056e-01 1.000000000000000056e-01 1.000000000000000056e-01 1.000000000000000056e-01 1.000000000000000056e-01 1.000000000000000056e-01 1.000000000000000056e-01 1.000000000000000056e-01 1.000000000000000056e-01 1.000000000000000056e-01 1.000000000000000056e-01 1.000000000000000056e-01 1.000000000000000056e-01 1.000000000000000056e-01 1.000000000000000056e-01 1.000000000000000056e-01 1.000000000000000056e-01 1.000000000000000056e-01 6.400000000000000000e+01 -1.987666666666666870e+01
2.999999999999999889e-01 2.999999999999999889e-01 2.999999999999999889e-01 2.999999999999999889e-01 2.999999999999999889e-01 2.999999999999999889e-01 2.999999999999999889e-01 2.999999999999999889e-01 2.999999999999999889e-01 2.999999999999999889e-01 2.999999999999999889e-01 2.999999999999999889e-01 2.999999999999999889e-01 2.999999999999999889e-01 2.999999999999999889e-01 2.999999999999999889e-01 2.999999999999999889e-01 2.999999999999999889e-01 2.999999999999999889e-01 2.999999999999999889e-01 2.999999999999999889e-01 2.999999999999999889e-01 2.999999999999999889e-01 2.999999999999999889e-01 2.999999999999999889e-01 2.999999999999999889e-01 2.999999999999999889e-01 2.999999999999999889e-01 2.999999999999999889e-01 2.999999999999999889e-01 2.999999999999999889e-01 2.999999999999999889e-01 1.280000000000000000e+02 -2.049666666666666615e+01
5.000000000000000000e-01 5.000000000000000000e-01 5.000000000000000000e-01 5.000000000000000000e-01 5.000000000000000000e-01 5.000000000000000000e-01 5.000000000000000000e-01 5.000000000000000000e-01 5.000000000000000000e-01 5.000000000000000000e-01 5.000000000000000000e-01 5.000000000000000000e-01 5.000000000000000000e-01 5.000000000000000000e-01 5.000000000000000000e-01 5.000000000000000000e-01 5.000000000000000000e-01 5.000000000000000000e-01 5.000000000000000000e-01 5.000000000000000000e-01 5.000000000000000000e-01 5.000000000000000000e-01 5.000000000000000000e-01 5.000000000000000000e-01 5.000000000000000000e-01 5.000000000000000000e-01 5.000000000000000000e-01 5.000000000000000000e-01 5.000000000000000000e-01 5.000000000000000000e-01 5.000000000000000000e-01 5.000000000000000000e-01 2.560000000000000000e+02 -2.399333333333332874e+01
6.999999999999999556e-01 6.999999999999999556e-01 6.999999999999999556e-01 6.999999999999999556e-01 6.999999999999999556e-01 6.999999999999999556e-01 6.999999999999999556e-01 6.999999999999999556e-01 6.999999999999999556e-01 6.999999999999999556e-01 6.999999999999999556e-01 6.999999999999999556e-01 6.999999999999999556e-01 6.999999999999999556e-01 6.999999999999999556e-01 6.999999999999999556e-01 6.999999999999999556e-01 6.999999999999999556e-01 6.999999999999999556e-01 6.999999999999999556e-01 6.999999999999999556e-01 6.999999999999999556e-01 6.999999999999999556e-01 6.999999999999999556e-01 6.999999999999999556e-01 6.999999999999999556e-01 6.999999999999999556e-01 6.999999999999999556e-01 6.999999999999999556e-01 6.999999999999999556e-01 6.999999999999999556e-01 6.999999999999999556e-01 5.120000000000000000e+02 -2.346999999999999886e+01
9.000000000000000222e-01 9.000000000000000222e-01 9.000000000000000222e-01 9.000000000000000222e-01 9.000000000000000222e-01 9.000000000000000222e-01 9.000000000000000222e-01 9.000000000000000222e-01 9.000000000000000222e-01 9.000000000000000222e-01 9.000000000000000222e-01 9.000000000000000222e-01 9.000000000000000222e-01 9.000000000000000222e-01 9.000000000000000222e-01 9.000000000000000222e-01 9.000000000000000222e-01 9.000000000000000222e-01 9.000000000000000222e-01 9.000000000000000222e-01 9.000000000000000222e-01 9.000000000000000222e-01 9.000000000000000222e-01 9.000000000000000222e-01 9.000000000000000222e-01 9.000000000000000222e-01 9.000000000000000222e-01 9.000000000000000222e-01 9.000000000000000222e-01 9.000000000000000222e-01 9.000000000000000222e-01 9.000000000000000222e-01 1.024000000000000000e+03 -2.416666666666666785e+01
7.686050972423574823e-01 3.212919436671356488e-01 8.979656002224709610e-01 4.095048714828638525e-01 5.493704568205414196e-01 5.216151655897690587e-01 5.126814869183285994e-01 4.362086068224004243e-01 9.420342727166735042e-01 4.669316714067608398e-01 8.651641596742163376e-01 4.255609886579145296e-01 5.037519826183229910e-01 9.444316220715360810e-01 1.962372953415718324e-01 7.456935978815933952e-01 6.896792581738113714e-01 2.381058641277353505e-01 3.417253427412121902e-01 5.502520634390236642e-01 6.527883297295341558e-01 9.839809037262579050e-01 6.170648442802684208e-01 1.026632556174794791e-01 3.220698009445064347e-01 2.197667007743102363e-01 8.623972779306382508e-01 5.489493494954496289e-02 3.537942801865541220e-01 4.857314770318887365e-01 1.813556052576869027e-01 6.177788967696656863e-01 4.000000000000000000e+02 -2.323999999999999844e+01
2.703284786051112221e-01 8.398140613673299448e-01 3.804166684379436947e-01 5.912004995877651048e-01 2.992978798979247235e-01 1.100923432346924136e-01 6.897633032106373907e-01 3.149519265228283293e-01 5.522955762432861793e-01 2.526556975905617786e-01 1.256271796510284866e-01 3.207787142106374723e-01 1.596522130187749133e-01 3.036801437973356554e-01 5.162860369888929712e-01 3.415123901198447998e-01 7.069695549099723753e-01 3.884280532764672333e-01 8.081274560637887738e-01 8.911101831612305846e-01 4.303022778520373404e-01 1.160757316881410317e-01 2.033226887504471503e-01 2.399477573995456858e-01 1.278798420685594017e-01 4.309554134098099731e-01 5.796385057109075811e-01 3.429958129165224801e-01 9.684417955059339000e-01 1.149235531066641024e-02 6.451195672136701698e-02 6.438524816573790721e-01 2.860000000000000000e+02 -2.220666666666666345e+01
7.221007279456674866e-01 1.761609298550156355e-01 4.310759723519558273e-01 2.393420979790993053e-01 9.859698589311153283e-01 4.661604188221051270e-01 8.453781181639732356e-01 1.440580236980491813e-01 7.132290493372934748e-01 2.019393032558514448e-03 1.919648204524339319e-01 5.990015976310163470e-01 2.062875912071356066e-01 9.205586710055123634e-01 3.792509686272330094e-01 3.830209899987107591e-01 7.728897158887445551e-01 1.612484146114885608e-01 5.443774593398875705e-01 1.416690366301902315e-01 1.216022891460102895e-01 8.429137321033444361e-03 1.603988909675787555e-01 9.034102888898527528e-01 2.594139613882517348e-01 3.352631617443870282e-01 7.639502587132713796e-01 1.656834968979818690e-01 7.176580628981673593e-01 4.345363549097369660e-01 3.003135369589245984e-01 7.289283729864859396e-01 3.120000000000000000e+02 -2.157333333333333414e+01
3.932998553837455807e-02 3.002820457665087428e-01 4.792001860593906870e-01 8.347008297657585452e-01 5.023242625986024112e-01 7.977429717938540055e-01 8.649239808297604082e-01 8.024707633180259980e-02 6.825306996941126192e-01 5.558999931283180596e-01 2.844335726015059795e-01 8.852094078666671306e-01 6.110980379229358217e-01 7.712547329762754478e-01 1.302706560034471994e-01 6.731812390115035072e-01 9.245119927960002704e-01 8.366054124860624608e-01 9.844239055946594208e-01 2.754657781529595284e-01 9.681430409000971737e-01 7.188414759497352424e-02 3.316882648444647308e-01 5.262126606545873830e-01 1.931012630030443655e-01 1.618101181371520425e-01 3.783288532313896502e-01 6.651957583156984377e-01 3.123500775242792904e-01 3.477398369255390032e-01 7.641714612346146573e-01 7.880015456762229364e-01 4.240000000000000000e+02 -2.440333333333333599e+01
3.298635486375730563e-01 4.925992901803412649e-01 1.532008665614764398e-01 1.923422269852116395e-01 2.469794685581756521e-01 4.890726673736426888e-01 8.627204195798390263e-01 4.016205974686367641e-01 6.608480891139147939e-01 9.347773259306819682e-01 4.877338031473747448e-01 5.905182222102348666e-01 9.335569428019459270e-02 9.044197686844478445e-01 5.016371578123790531e-02 2.859763854652924153e-01 4.244099737528461147e-01 3.455924352008626910e-01 5.774075855522431411e-01 6.743918257754930590e-01 7.999944230766402598e-01 3.534521489500477842e-01 2.776120785841810767e-01 1.389102238629598418e-01 9.463047382490794579e-01 7.272678038661327671e-01 7.348054400022009380e-01 2.291687626281318779e-01 2.620670747124019262e-01 9.204413839576647272e-01 6.466591209773882021e-01 8.705591143598538917e-01 3.860000000000000000e+02 -2.278333333333333144e+01
2.232031970511157704e-01 4.072246414761345190e-01 9.832381212413660032e-01 2.136831692916769387e-01 7.416647672269195413e-01 5.446988997135713273e-01 1.134969038385260330e-02 5.965043708110483456e-01 6.745482032845997455e-01 2.343238588273875989e-01 1.621379462596057031e-01 1.289527368916584815e-01 7.443801058976465823e-01 5.261260012441867362e-01 6.555224472050517059e-01 1.166825933740437138e-01 6.737807762319226734e-01 9.309641700497982564e-01 1.260840107291545942e-01 6.814587707643324777e-01 8.361005459998174238e-01 2.813680462682434658e-01 8.850041841182546554e-01 9.589832114387408790e-01 9.151368669912827158e-01 9.083470526230401632e-01 5.743079049383000845e-01 6.246182424308044379e-01 1.840370808814129622e-01 1.813686737943034366e-01 6.215228074154688365e-01 3.630401240782855088e-01 4.260000000000000000e+02 -2.376000000000000156e+01
3.570497400049030268e-01 6.988026894818233012e-03 6.806184778440552696e-01 9.156175152231020853e-01 4.191795406978578858e-02 7.101290101169710489e-01 2.025609593928042462e-01 7.145253492772113413e-01 8.536762716653764071e-01 4.247769032136206047e-02 5.639015345143811864e-01 8.643533872412655361e-01 3.414542270726004247e-01 5.132063900270538159e-01 9.254511663879336214e-02 9.014303402372660090e-02 7.468582210446536584e-02 1.280365716241443630e-01 5.339185629644968012e-01 4.066706525069121447e-01 3.278770516344031161e-01 5.257100920693333901e-01 4.502510687609890816e-01 4.215791082765383835e-01 9.553059055782652242e-01 8.907984949512167683e-01 6.499714483168247958e-02 9.242374297331736877e-01 6.585490121794181917e-01 2.572986959342750124e-01 9.748566283851055614e-01 3.262246235425403929e-01 3.840000000000000000e+02 -2.142000000000000171e+01
